415,647,439,2209.2,463,768,488,4647.1,439,719,463,3147.1,440.39,715.25,462.82,3200.7,43.511,4538.6,63.718,2.8372e+05,-1.3289,2.4482,0.035741,0.094635,1.2295,11.038,2.9713,0.4662,434.5,703,456,2813.6,447,736,468,3747.5,5,133,11,268.34,-0.26689,1.7939,-0.0022609,0.011228,1
42.38,54.26,49.36,7.4892,42.58,54.45,50,6.8861,42.45,54.39,49.71,7.2009,42.469,54.376,49.73,7.1751,5.5536e-29,1.9217,0.022035,0.016585,-1.7414,1.6121,-0.0016668,0.29338,1,7.6925,2.0133,0.56244,42.42,54.36,49.55,7.3456,42.52,54.42,49.84,7.0199,0,2.865,0.23,0.058019,-0.0030754,0.0056661,0.00019474,9.7273e-07,2
22.63,25.56,23.73,0.51447,22.67,25.65,23.94,0.61278,22.65,25.62,23.83,0.56962,22.646,25.614,23.827,0.56553,2.9091e-05,0.046383,0.0027624,4.326e-05,-1.3418,2.0452,0.041746,0.13545,1.3641,6.1992,1.8692,0.2888,22.64,25.59,23.8,0.54106,22.65,25.63,23.88,0.59253,0,0.42,0.09,0.0049308,-0.00057178,0.0010331,-0.00013814,1.1043e-07,4
429,908,454,3919.9,482,1235,500,14716,457.5,1117,476,8527.9,457.18,1082.8,476.59,8325.5,47.059,59612,72.112,1.4206e+07,-1.2378,2.6438,0.042379,0.11223,1,9.1316,2.874,0.41583,451,1019,471,5853.5,462,1169,482.5,11129,7,510,11.375,1729.5,-19,1.1274,-0.00047751,1.938,1
50.74,61.82,57.5,7.7146,50.9,62.6,57.78,7.5165,50.77,62.135,57.62,7.6104,50.79,62.112,57.638,7.5945,6.5679e-05,0.469,0.0074667,0.0017855,-1.5311,2.0324,-0.0012435,0.29777,1.0333,13.725,2.0594,0.87724,50.77,61.97,57.62,7.6554,50.8,62.27,57.75,7.5445,0,0.92,0.13,0.025816,-0.0024545,0.0029647,8.501e-05,4.3209e-07,2
22.28,24.68,23.19,0.21626,22.33,24.87,23.31,0.25887,22.31,24.79,23.26,0.23705,22.309,24.785,23.254,0.23616,2.9091e-05,0.074238,0.00094745,3.9015e-05,-1.938,1.6886,0.020363,0.12126,1.5039,6.1531,1.9685,0.28867,22.3,24.75,23.24,0.22617,22.32,24.83,23.28,0.24859,0,0.52,0.05,0.0034026,-0.00055559,0.0012962,-7.771e-05,5.5382e-08,4
318,447,335,1017.9,353,491,370,1502.4,338,470,352,1241.6,337.19,471.08,352.57,1236.7,13.289,873.24,34.268,5726.6,-0.68297,1.3833,0.043414,0.048737,1.5426,5.9971,2.8924,0.17601,333,467,348,1169.8,341,475,356,1320.1,4,58,8,30.432,-0.10304,0.76364,-0.00052193,0.0020756,1
50.39,61.55,57.25,7.6381,50.64,61.76,57.53,7.386,50.42,61.7,57.44,7.5273,50.463,61.675,57.423,7.5086,6.0585e-29,0.26754,0.0074575,0.00095563,-1.3025,1.5232,-0.036452,0.26308,1,6.7888,2.0519,0.4849,50.39,61.64,57.35,7.5782,50.51,61.7,57.44,7.4431,0,0.95,0.13,0.021977,-0.0023554,0.0024584,5.1515e-05,3.759e-07,2
22.48,24.82,23.31,0.18365,22.53,24.92,23.4,0.20894,22.5,24.89,23.36,0.19739,22.496,24.881,23.363,0.19655,3e-05,0.011407,0.0006982,2.9406e-06,-0.84412,0.95717,0.035281,0.086615,1,3.958,1.9954,0.14874,22.49,24.86,23.34,0.19001,22.5,24.9,23.38,0.20343,0,0.21,0.04,0.0011993,-0.00085714,0.00049796,-4.0926e-05,3.1515e-08,4
407,971,430,5611.9,448,1093,474,15627,430,1031.5,452,10267,430.35,1032.5,450.97,10163,12.5,21401,48.259,4.0338e+06,-1.6601,1.7027,-0.015472,0.098095,1,5.0841,2.9056,0.33372,426,1018,446,8011.4,437,1053,456,12557,5,266,10,1167.8,-5,8.5,-0.0010038,0.55378,1
51.47,62.78,57.96,8.1578,51.73,63.44,58.18,7.955,51.54,63.08,58.05,8.0475,51.573,63.094,58.066,8.0334,0,0.51873,0.0082029,0.0024368,-2.4749,1.6928,-999,-999,1.2574,7.125,-999,-999,51.54,62.9,58.02,8.0924,51.6,63.29,58.08,7.9795,0,1.26,0.15,0.031151,-0.0035002,58.79,8.4775e-05,18.682,2
21.77,24.59,22.92,0.27898,22.51,579.27,579.27,2504.1,21.79,24.68,22.99,0.30316,22.508,287.17,152.71,935.37,0,56995,19662,5.34e+07,-1.3363,6.468,-999,-999,2.4144,42.835,-999,-999,21.78,24.64,22.96,0.29063,21.79,24.7,23.01,0.31442,0,0.33,0.05,0.0027479,-0.2793,22.9,0.0035957,2.8366,4
288,504,311,1209.9,343,832,367,5680.1,319,719,339,2770,319.26,689.78,339.62,2791.3,56.853,17151,80.766,2.9898e+06,-0.96713,3.2082,0.055783,0.097914,1.4805,14.813,2.8723,0.58723,312,623,335,1781.2,324,783,344,3947,8,217,12.5,780.4,-1.1273,0.91214,-0.00043308,0.014033,1
50.83,62.42,57.885,7.9811,51.12,63.08,58.165,7.7581,50.93,62.51,58.02,7.832,50.966,62.585,58.018,7.8295,0,1.7724,0.010214,0.010711,-2.2109,2.9885,-999,-999,1,12.896,-999,-999,50.9,62.48,57.93,7.9122,51.03,62.69,58.12,7.7822,0,2.72,0.16,0.052997,-0.16,57.59,2.4835e-05,8.9159,2
21.96,24.31,22.945,0.16994,22.06,24.54,23.07,0.19894,22.04,24.49,23.015,0.1832,22.029,24.464,23.018,0.18285,0,0.045021,0.00084754,2.5049e-05,-1.3733,2.1203,-999,-999,1,6.6379,-999,-999,22,24.44,22.99,0.17639,22.04,24.52,23.04,0.19243,0,0.41,0.05,0.0032846,-0.00061799,23.3,-4.5095e-05,1.4594,4
370,549,389,1355.1,410,709,432,2408.3,394,613,410,1686.3,393.86,618.07,411.72,1710.9,0,2725.1,55.147,54338,-1.7166,1.2554,-999,-999,1.7036,6.4745,-999,-999,389,586,406,1534.5,398,650,418,1908.9,0,87.5,11,78.563,-1.4333,424,-0.0002395,971.78,1
50.77,62.78,57.87,8.1108,51.12,63.02,58.48,7.5257,50.93,62.96,58.24,7.8082,50.919,62.926,58.242,7.7936,0.00021,1.1642,0.014758,0.0069903,-1.5305,4.2084,-0.025384,0.31247,1.0959,24.519,2.0066,1.7676,50.83,62.9,57.99,7.9573,50.99,62.99,58.39,7.6559,0.03,2.14,0.19,0.048943,-0.0036753,0.004596,8.5679e-05,8.186e-07,2
22.21,24.51,23.05,0.2515,22.26,24.68,23.19,0.30797,22.23,24.62,23.12,0.28124,22.23,24.617,23.121,0.27998,4e-05,0.03927,0.0012417,1.4546e-05,-0.95983,1.1585,0.055404,0.094565,1.4852,4.787,1.9501,0.17194,22.22,24.59,23.1,0.26592,22.24,24.65,23.14,0.29564,0,0.36,0.06,0.0025534,-0.00059939,0.0009439,-1.2585e-05,5.6006e-08,4
315,694,331,1921.9,353,836,372,4053.6,334,753,349,2847.6,334.47,759.27,351.05,2793.2,16.5,13538,41.796,7.7191e+05,-0.89289,1.897,0.083002,0.051776,1.5253,5.9328,3.0014,0.19961,331,731,345,2302.9,339,788.5,356,3312.4,6,220,9,267.72,-1.5476,0.5544,-0.0006437,0.0085891,1
47.47,60.8,54.32,11.833,47.64,60.92,54.7,11.394,47.51,60.86,54.51,11.631,47.524,60.868,54.487,11.622,5.7931e-05,1.2587,0.0033782,0.0055077,-3.4069,2.6667,-0.015661,0.33768,1.2888,12.607,2.0587,1.2874,47.51,60.86,54.45,11.744,47.54,60.89,54.58,11.531,0,2.17,0.09,0.025603,-0.0023066,0.0048729,2.8099e-05,2.8063e-07,2
22.56,24.66,23.87,0.30569,22.58,24.69,23.95,0.30928,22.57,24.68,23.91,0.3068,22.571,24.676,23.908,0.30675,1.7778e-05,0.01213,0.00013305,1.2576e-06,-1.5,1.242,0.0042613,0.082425,1.5835,5.1603,2.4461,0.28438,22.57,24.67,23.89,0.30552,22.58,24.68,23.92,0.30798,0,0.22,0.02,0.00046926,-0.0009697,0.00052352,-1.9857e-05,8.8227e-09,4
354,495,373,1410.5,398,602,418,1833.4,378,532,395,1555.7,378.97,537.31,396.39,1569.2,0,2842.2,53.956,26466,-0.44173,0.94887,-999,-999,1.4001,3.8075,-999,-999,373,517,391,1504.1,384,558,401,1650,0,85,10,37.569,-0.081796,465,-0.00057803,1168.8,1
47.6,59.89,54.29,9.7101,47.73,59.98,54.7,9.3095,47.64,59.95,54.45,9.5151,47.629,59.935,54.487,9.4877,5.77e-29,2.3233,0.003135,0.021071,-2.0525,1.6841,0.019182,0.31725,1,7.8886,2.0906,0.83966,47.6,59.92,54.32,9.6008,47.64,59.95,54.54,9.3902,0,3.04,0.09,0.041633,-0.0021623,0.0067703,2.7444e-05,4.0559e-07,2
23.03,24.78,24.17,0.21579,23.07,24.82,24.23,0.21551,23.05,24.8,24.2,0.21555,23.049,24.801,24.205,0.21569,1.25e-05,0.0050186,0.00011434,1.5066e-07,-0.97818,2.2678,-0.018271,0.07846,1.5667,6.1429,2.4528,0.34197,23.04,24.8,24.2,0.2161,23.05,24.8,24.21,0.21578,0,0.12,0.02,0.0001708,-0.00012318,0.00059524,-1.4086e-05,4.2676e-09,4
411,896,427,3879,452,1073,476,10629,432,1016,449,6825.1,432.2,1011.7,450.8,6713.8,0,29564,60.308,5.2007e+06,-1.4116,1.8297,-999,-999,1.4576,8.5543,-999,-999,427,1000,447,5475.5,439,1031,456,8391.1,0,296,11,861.02,-1.9167,452,-0.0010256,1104.4,1
47.21,59.16,55.11,9.3141,47.6,59.28,55.58,9.0439,47.31,59.25,55.33,9.1763,47.355,59.256,55.386,9.1669,0,0.40315,0.0060186,0.0016632,-1.6127,1.5622,-999,-999,1.2507,5.9682,-999,-999,47.28,59.25,55.26,9.2463,47.41,59.28,55.48,9.1006,0,1.19,0.12,0.025081,-0.023714,51.54,7.7277e-05,14.254,2
23.28,25.16,23.85,0.093396,23.31,25.33,23.92,0.12414,23.3,25.26,23.88,0.10759,23.295,25.255,23.885,0.10735,0,0.042141,0.00017685,1.6471e-05,-1.925,2.3094,-999,-999,1.4331,7,-999,-999,23.29,25.22,23.87,0.09992,23.3,25.29,23.9,0.11592,0,0.4,0.02,0.0021992,-0.00064605,24.25,-2.4761e-05,3.1511,4
435,592,457,1474.1,468,652,504,2116.4,463,623,480,1758.8,462.34,621.08,480.08,1752.2,0,586.84,61.488,5484.9,-0.51187,0.61751,-999,-999,1.7221,4.0044,-999,-999,456,615,476,1655.5,467,625,484,1845.7,0,40,11,27.178,-0.10103,481,-0.00077527,2408.3,1
49.87,62.66,58.73,10.933,50.29,62.75,59.04,10.429,50,62.72,58.82,10.675,50.036,62.706,58.846,10.663,0,0.54464,0.005952,0.0022878,-2.0085,2.4749,-999,-999,1.2599,7.125,-999,-999,49.94,62.69,58.79,10.795,50.1,62.72,58.94,10.535,0,1.3,0.12,0.026167,-0.0035559,0.0025573,3.9256e-05,3.6925e-07,2
22.32,23.18,22.79,0.039114,22.36,579.27,22.84,4966.3,22.34,23.21,22.82,0.039637,22.345,31.489,22.817,1.2127,0,433.14,0.00011126,2985.1,-1.6356,26.777,-999,-999,1.4893,718,-999,-999,22.34,23.2,22.81,0.03946,22.35,23.22,22.82,0.039956,0,0.13,0.01,0.00013077,-0.0063143,0.0023117,-1.1834e-05,2.5566e-07,4
338,470,357,1222.3,380,514,397,1553.8,363,492,378,1354.8,362.61,492.29,377.67,1345.8,30.437,2066.8,43.344,19788,-0.5731,2.5871,-0.031093,0.047868,1.8242,8.302,2.8665,0.19522,358,488,373,1301.2,366.5,496,382,1411.2,6,81,9,31.955,-0.14595,1.3333,-0.0010025,0.0053425,1
50.26,61.55,57.9,9.6679,50.42,61.67,58.15,9.336,50.35,61.64,58.02,9.5022,50.339,61.62,58.002,9.4925,0,0.33547,0.0039356,0.00087166,-7.4081,1.6801,-999,-999,1.2907,79.066,-999,-999,50.32,61.61,57.945,9.5807,50.35,61.64,58.12,9.4092,0,1.02,0.09,0.015946,-0.0027873,54.89,5.3359e-05,8.1872,2
22.87,23.71,23.28,0.028756,22.9,23.71,23.32,0.029064,22.88,23.71,23.3,0.028913,22.883,23.71,23.301,0.028799,0,0.0087017,7.2046e-05,2.6295e-07,-1.2317,2.4602,-999,-999,1.2406,14.974,-999,-999,22.88,23.71,23.295,0.028849,22.89,23.71,23.31,0.028963,0,0.2,0.01,0.00020638,-0.0013333,23.71,-9.9653e-06,1.5276,4
315,448,335,1204.4,359,494,380,1376.6,339,465,356,1294.6,339.56,466.55,356.56,1291.6,17.289,322.59,48.483,1677.5,-0.74242,0.73428,0.013079,0.030975,1.8107,4.5892,2.9028,0.11363,335,463,352,1264.7,344,472,360,1332.4,3,32,9,12.536,-0.079065,0.66667,-0.00050021,0.0015569,1
45.34,54.92,51.83,6.9713,45.44,55.01,52.18,6.7415,45.41,54.98,52.02,6.856,45.404,54.972,52.011,6.8474,0,0.23821,0.0028343,0.00041517,-3.3143,3.7293,-999,-999,1,21.047,-999,-999,45.37,54.95,51.92,6.9064,45.44,54.98,52.08,6.787,0,0.88,0.09,0.011198,-0.0077381,52.56,4.105e-05,14.852,2
22.64,23.52,23.14,0.033085,22.66,23.56,23.18,0.033085,22.655,23.54,23.16,0.033022,22.654,23.54,23.159,0.033082,0,0.0030594,7.7514e-05,3.1783e-08,-1.8077,1.0975,-999,-999,1.2961,6.0938,-999,-999,22.65,23.54,23.15,0.033284,22.66,23.55,23.16,0.032974,0,0.11,0.01,8.7827e-05,-0.0027381,22.66,-7.0568e-06,2.7606,4
295,423,311.5,1119.3,328,464,353,1372.3,315,440,331.75,1237.6,315.45,440.56,331.26,1235.4,0,317.93,46.182,1728.4,-0.65883,1.6475,-999,-999,1.6738,6.9079,-999,-999,312,435,327,1211,319,447,336,1281.5,0,32,9,14.618,-1.2,328,-0.00080609,576.87,1
51.35,62.09,58.48,9.6471,51.41,62.21,58.76,9.4437,51.38,62.15,58.625,9.5533,51.368,62.152,58.628,9.5438,0,0.2113,0.0032015,0.00033162,-1.4798,1.6969,-999,-999,1,6.2263,-999,-999,51.35,62.15,58.58,9.6039,51.38,62.18,58.67,9.4867,0,0.82,0.09,0.010242,-0.0022058,54.64,5.7658e-05,8.0256,2
22.63,23.55,23.08,0.040812,22.66,23.59,23.14,0.040867,22.64,23.57,23.11,0.040904,22.645,23.572,23.11,0.040797,0,0.0022052,8.1358e-05,2.1378e-08,-1.0607,0.8791,-999,-999,1,5.502,-999,-999,22.64,23.57,23.1,0.040785,22.65,23.58,23.12,0.04095,0,0.09,0.01,8.6183e-05,-0.00012252,23.38,-1.1373e-05,1.4694,4
371,670,399,2836,413,769,441,4745.3,394,704,421,3662.5,393.42,704.46,420.09,3608.9,28.711,7372.2,50.297,2.8199e+05,-0.88435,1.5258,0.050471,0.056478,1.3232,4.3984,2.899,0.14025,388,693,415,3260.5,399,715,425,4016.7,6,163.75,10,184.03,-0.49697,0.45281,-0.00058309,0.0026752,1
48.55,60.01,56.32,9.962,48.61,61.13,56.57,9.875,48.58,60.89,56.45,9.9121,48.58,60.672,56.459,9.9008,0,0.3762,0.0051571,0.0018985,-1.4784,2.1506,-999,-999,1.2462,15.575,-999,-999,48.58,60.71,56.42,9.9442,48.58,60.95,56.51,9.8703,0,1.09,0.12,0.022862,-0.0029114,57.31,0.00010633,25.674,2
22.97,24.59,23.6,0.098312,23.04,24.73,23.67,0.10752,23,24.65,23.64,0.10236,22.999,24.656,23.638,0.10212,0,0.05172,0.0001184,1.2448e-05,-1.3721,2.2669,-999,-999,1,8.5696,-999,-999,22.99,24.61,23.62,0.10036,23.01,24.7,23.65,0.10476,0,0.42,0.02,0.0013543,-0.00038264,23.21,-1.1852e-05,4.3094,4
406,601,446,2138.6,457,713,497,3639.6,439,668,470,2777.9,438.52,662.52,470.28,2771.6,41.549,2527.7,61.95,68856,-0.92839,1.562,0.011061,0.07389,1.4612,5.0963,2.8737,0.16781,434.25,649,464.5,2487.7,443,680,476,3089.8,8,97,11,101.19,-0.33333,0.20124,-0.0012365,0.0016307,1
52.27,71.12,61.505,23.016,52.94,71.91,62.33,22.942,52.87,71.38,61.985,22.84,52.83,71.439,62.009,22.81,0,8.601,0.025269,0.43296,-1.8788,1.7137,-999,-999,1.3178,6.0612,-999,-999,52.62,71.29,61.82,22.996,52.87,71.66,62.18,22.943,0,5.91,0.2275,0.40626,-0.013903,56.54,0.0001314,8.6869,2
20.23,22.99,21.145,1.2425,20.32,23.11,22.195,1.2746,20.27,23.04,21.69,1.2645,20.273,23.034,21.726,1.2429,0,0.87788,0.00026664,0.0067906,-1.3818,1.9229,-999,-999,1.2934,11.321,-999,-999,20.26,23.02,21.29,1.2465,20.29,23.05,21.91,1.263,0,1.715,0.02,0.044047,-0.0021383,22.98,-9.9122e-06,1.435,4
391,535,412,1336.5,428,588,451,1890.1,412,559,430,1585,410.9,558.66,429.6,1555,19.297,2852.7,44.221,38753,-1.2084,1.863,0.014642,0.053113,1.3814,5.8248,2.9172,0.16192,407,552,424,1457,416,569,433,1668.9,6,105.75,9,70.064,-0.23671,0.17859,-0.00030033,0.00087756,1
53.19,65.57,62.33,9.2449,53.6,66.12,63.17,8.8868,53.35,65.95,62.75,9.0767,53.349,65.882,62.866,9.0539,0.000325,0.83565,0.0097579,0.0079053,-1.7342,2.6079,-0.0019061,0.34724,1.2408,8.8483,2.1278,0.67158,53.25,65.77,62.57,9.1769,53.44,66,62.96,8.9721,0,1.59,0.15,0.057136,-0.0044045,0.0035185,-2.1971e-05,7.7289e-07,2
21.11,22.75,22.21,0.11263,21.24,22.8,22.28,0.094388,21.16,22.78,22.24,0.10382,21.165,22.779,22.24,0.10258,2.7778e-05,0.064189,0.00016573,4.2368e-05,-1.8745,2.305,0.062032,0.19357,1.05,10.614,2.4241,1.0017,21.14,22.78,22.23,0.10894,21.18,22.78,22.25,0.099075,0,0.51,0.02,0.0042711,-0.0011116,0.001209,-3.8575e-06,4.4601e-08,4
263,487,286,1746.2,308,601,339,3410.4,289,558,312,2468.9,288.99,544.6,312.79,2443.2,0,6838.3,68.095,2.3471e+05,-2.1625,1.7414,-999,-999,1.2492,8.0379,-999,-999,284,542,307,2110.8,294,568,318,2846.6,0,170.5,11,218.54,-0.22378,316,-0.0018694,270.61,1
45.64,65.8,57.84,21.543,46.16,67,58.73,17.588,45.77,66.09,58.15,19.652,45.797,66.063,58.143,19.507,0.00013636,1.3531,0.058361,0.061577,-1.7889,2.1374,-0.015507,0.27271,1.2506,6.4653,1.9863,0.45293,45.7,66.03,57.96,20.617,45.87,66.12,58.42,18.514,0,2.215,0.42,0.21368,-0.0055886,0.0051708,0.00035147,3.8663e-06,2
21.36,26.55,22.42,1.3458,21.43,26.89,22.7,2.0344,21.38,26.84,22.55,1.7131,21.389,26.801,22.543,1.6933,8.3333e-06,0.15633,0.0037811,0.0011787,-1.2047,3.0151,0.084741,0.20732,1.468,10.091,1.869,0.42464,21.38,26.75,22.48,1.5236,21.4,26.87,22.62,1.8791,0,0.76,0.11,0.031435,-0.0017472,0.0018977,-7.5484e-05,4.9175e-07,4
312,396,325,172.2,359,457,375,326.73,337,427,351,210.72,337.25,426.06,349.73,214.45,46.6,882.18,69.823,9149,-0.48674,0.76935,0.034474,0.031028,2.0772,3.8723,2.9772,0.077452,332,419,344,193.9,343,435,355,248.63,8,50.5,11,25.608,-0.064423,0.10392,-0.00073147,0.00023705,1
51.09,68.13,59.28,18.183,51.41,68.56,59.83,18.316,51.19,68.41,59.52,18.279,51.229,68.357,59.529,18.216,0.00097033,0.74685,0.025403,0.017161,-1.8148,1.5477,-0.033768,0.29378,1.3692,5.5428,1.9622,0.52496,51.15,68.3,59.46,18.259,51.28,68.44,59.58,18.316,0.03,1.525,0.25,0.092192,-0.0040756,0.0027904,0.00029641,1.4997e-06,2
20.8,23.2,21.53,0.41957,20.86,23.45,21.73,0.55077,20.83,23.28,21.61,0.48615,20.83,23.274,21.618,0.47941,7.8905e-05,0.20454,0.0023025,0.00069545,-0.99632,1.5814,0.057335,0.12512,1.4535,4.2474,1.8993,0.14728,20.82,23.25,21.56,0.44791,20.84,23.36,21.67,0.51718,0.01,0.79,0.08,0.014154,-0.0014562,0.0021708,-0.00010472,1.9456e-07,4
276,545,300,2715.3,326,732,357,5632.5,300,584,328,3595.9,300.19,586.7,329.65,3636.3,35.194,7416.1,87.767,2.9854e+05,-1.0389,3.2108,0.045792,0.1145,1.2158,18.003,2.8244,1.0773,295,575,323,3106.2,304,599,336,4197.6,9,177,13,275.37,-0.23858,0.98333,-0.0017936,0.0055269,1
52.11,67,59.37,8.837,52.68,67.52,59.89,8.622,52.27,67.32,59.68,8.7388,52.289,67.285,59.67,8.7273,0,1.3446,0.015393,0.0096817,-1.7066,2.3096,-999,-999,1.2459,7.7548,-999,-999,52.18,67.2,59.52,8.8262,52.33,67.37,59.74,8.6938,0,2.24,0.21,0.053093,-0.0037323,0.0048985,0.00012893,8.4039e-07,2
21.48,23.78,22.5,0.20402,21.52,572.59,22.62,1644.1,21.5,23.94,22.55,0.22555,21.498,30.823,22.558,0.59506,1.4103e-05,421.26,0.0015395,963.13,-1.9188,26.777,0.031417,4.0914,1.484,718,1.9615,2781.2,21.49,23.88,22.54,0.21417,21.5,23.97,22.58,0.23361,0,0.39,0.06,0.0040159,-0.0028819,0.0030971,-5.5402e-05,1.2085e-07,4
327,957,343,4772.6,366,1159,388,14528,350,1063,367,8674.5,348.45,1056.5,366.74,8692.2,0,52674,47.524,1.1054e+07,-1.1826,2.2183,-999,-999,1.2507,7.9993,-999,-999,343,1023,360,6508.4,352,1116,371,11150,0,400.5,9,1219.8,-1.119,444,-0.0010154,1065.6,1
51.67,62.66,58.05,5.6297,52.08,62.87,58.36,5.2484,51.79,62.78,58.21,5.4331,51.834,62.775,58.216,5.4104,0.00023978,0.87949,0.006166,0.0094987,-1.6775,2.2193,-0.0012148,0.31929,1.0333,8.5199,2.0794,0.65508,51.76,62.75,58.15,5.526,51.89,62.81,58.27,5.3286,0,1.95,0.12,0.056542,-0.0043273,0.0034835,6.6785e-05,6.5592e-07,2
22.27,24.54,22.91,0.2213,22.31,24.77,23.01,0.28456,22.28,24.65,22.96,0.25033,22.286,24.649,22.963,0.25007,3.1488e-05,0.11256,0.00016745,5.8721e-05,-2.846,1.8989,0.029362,0.18796,1.4434,9.1,2.382,0.64649,22.28,24.64,22.95,0.23525,22.29,24.68,22.99,0.26754,0,0.605,0.02,0.004597,-0.00074122,0.0015991,-1.9732e-05,4.6262e-08,4
389,823,415,4496.7,433,1699,465,27167,416,1363,440,12040,416.56,1372,439.52,13424,47.921,1.7634e+05,70.755,1.3825e+08,-1.5202,3.9681,0.042148,0.21706,1.2842,20.839,2.8818,1.4679,412,1187,433,9039.5,423,1569,446,20650,8,858.5,12,5412.6,-1.1444,7.2857,-0.00092771,0.17704,1
49.61,61.37,58.73,9.8278,50.13,62,59,9.6247,49.9,61.67,58.85,9.7064,49.885,61.601,58.855,9.6976,0.00017332,1.6636,0.0086468,0.026655,-1.9236,2.5644,0.032284,0.33108,1.1522,10.849,2.1111,0.85591,49.77,61.55,58.82,9.7638,50,61.7,58.91,9.6753,0,2.115,0.15,0.080818,-0.0054386,0.017273,0.00012668,1.6976e-06,2
22.1,24.3,23.16,0.18688,22.13,24.83,23.22,0.23893,22.11,24.7,23.19,0.21207,22.113,24.656,23.189,0.20925,3.1987e-05,0.2331,0.00028866,0.00034868,-2.4219,1.9959,0.036036,0.21569,1.1267,12.006,2.2589,0.76698,22.11,24.565,23.18,0.1979,22.12,24.76,23.2,0.22498,0,0.805,0.03,0.0082084,-0.0011764,0.0022377,-3.9273e-05,8.4811e-08,4
389,663,418,3068.6,442,868,461,7516.7,419,719,438,4794.7,418.38,712.91,439.17,4793.7,24.933,5129.5,50.93,3.977e+05,-1.5708,2.0105,0.097223,0.12196,1.429,15.906,2.9559,0.8617,414,706,434,4076.3,422,742,443,5663,6,144.5,10,363.77,-0.40449,1.3212,-0.001652,0.0084847,1
49.03,60.89,56.04,8.3452,49.1,61.13,56.39,7.8703,49.06,61.04,56.26,8.1321,49.061,61.025,56.272,8.1116,0.00015098,2.0877,0.0057643,0.015217,-1.9677,2.4158,0.023807,0.41146,1.2319,10.145,2.1046,1.182,49.06,60.98,56.23,8.2568,49.06,61.07,56.32,8.0201,0,3.12,0.12,0.054524,-0.0029389,0.0062755,8.2682e-05,5.4492e-07,2
22.48,24.37,23.54,0.25735,22.53,24.54,23.64,0.30624,22.51,24.46,23.59,0.28077,22.508,24.448,23.595,0.28018,3.9467e-05,0.071182,0.00030095,4.9487e-05,-1.4341,1.4627,0.021943,0.16621,1.2497,5.1494,2.2965,0.41118,22.5,24.42,23.58,0.26935,22.52,24.49,23.6,0.29453,0,0.495,0.03,0.0047382,-0.00086216,0.0013021,-3.6567e-05,5.2988e-08,4
347,494,371,1321.8,392,545,419,1692.1,372,513,396,1472.6,372.46,514.85,394.81,1465.2,28.182,688.5,56.334,3748.8,-0.50485,0.81318,0.041891,0.044244,1.9598,3.8697,2.9172,0.1199,367,510,390,1412.2,376,520,400,1521.7,6.5,43,10,19.294,-0.081352,0.97203,-0.0011569,0.0030302,1
52.27,65.27,60.1,9.2041,52.75,65.54,60.34,8.6545,52.37,65.45,60.22,8.9399,52.431,65.444,60.224,8.91,7.5504e-05,1.5139,0.0055714,0.010141,-2.4956,1.7978,0.014273,0.38772,1.2838,9.637,2.2101,0.8856,52.3,65.42,60.19,9.0715,52.52,65.48,60.25,8.7818,0,2.78,0.12,0.05299,-0.0034399,0.0053932,7.8946e-05,5.2808e-07,2
21.86,23.45,22.95,0.17593,21.93,23.61,23.06,0.18023,21.89,23.57,23.02,0.17708,21.894,23.557,23.008,0.17674,2.9002e-05,0.056104,0.00011278,3.4178e-05,-1.0975,1.4179,0.009846,0.13324,1.4524,5.3172,2.4513,0.49868,21.88,23.53,22.99,0.17635,21.91,23.59,23.03,0.1791,0,0.43,0.02,0.0031141,-0.00064958,0.0011367,-1.63e-05,2.9123e-08,4
8,471,227,2337.5,249,620,271,5048.4,232,567,247,3185.1,232.57,556.66,247.33,3232.8,32.02,5482.4,47.639,3.1437e+05,-7.3713,2.9801,0.17365,0.31585,1.2498,65.217,3.0101,12.262,229,535,242,2705.4,236,586,252,3827.4,6,144,9.25,275.59,-0.17577,0.30489,-0.00085789,0.002372,1
52.37,64.15,58.91,7.0734,52.94,64.42,59.37,6.6396,52.43,64.33,59.1,6.8437,52.496,64.295,59.117,6.8301,0.00015,2.5028,0.0074168,0.021792,-1.7682,3.6304,0.022346,0.43224,1.2731,18.192,2.1116,1.8104,52.4,64.24,59.07,6.9778,52.49,64.36,59.22,6.7364,0,3.21,0.13,0.06606,-0.0037349,0.0067166,0.00011017,6.9227e-07,2
21.63,24.1,22.77,0.3338,21.67,579.27,22.89,3329.8,21.65,24.2,22.82,0.36126,21.652,32.137,22.827,1.2411,2e-05,429.81,0.0002716,1979,-1.9419,26.795,0.029532,7.923,1.3421,718.97,2.3194,5508.1,21.64,24.16,22.8,0.34746,21.66,24.24,22.87,0.37595,0,0.41,0.02,0.005937,-0.0044918,0.0053848,-3.1763e-05,2.4602e-07,4
238,502,253,3328.6,274,754,297,9911.8,256.5,624,275,5514.1,257.11,616.22,275.31,5743.8,7.9636,15388,51.172,1.4484e+06,-0.94643,2.8044,0.1283,0.13888,1.3777,20.364,2.8848,1.2092,253,554.5,270,4485.5,260,666,280,7134.4,5.25,245,10,660.07,-0.31576,0.54313,-0.00059697,0.0046964,1
49.87,63.26,58.08,9.3554,50.06,63.53,58.48,8.8225,49.97,63.41,58.24,9.1028,49.981,63.406,58.245,9.082,0,2.2185,0.0076083,0.028087,-1.6129,2.3517,-999,-999,1.2866,8.2914,-999,-999,49.94,63.38,58.18,9.2449,50.03,63.44,58.33,8.9802,0,2.9,0.13,0.055635,-0.0030545,0.0058186,0.00010284,6.4454e-07,2
21.68,24.22,22.74,0.3848,21.74,24.31,22.84,0.44359,21.71,24.28,22.79,0.41565,21.712,24.257,22.791,0.41447,2.8774e-05,0.048966,0.00035266,5.1347e-05,-1.9003,2.2587,0.042343,0.17778,1.3287,6.7406,2.2088,0.50539,21.7,24.26,22.77,0.4015,21.72,24.29,22.82,0.43254,0,0.41,0.03,0.0056639,-0.00088368,0.0010614,-4.0341e-05,6.4275e-08,4
389,638,418,2603,432,699,464,4121.6,410,669,439,3226.7,411.02,668.99,439.1,3222.7,16.397,1567.2,51.625,29907,-0.76573,1.1991,0.075168,0.052829,1.5933,4.1817,2.9237,0.16682,407,661,434,2935.7,415,677,443,3511.1,6,71,10,81.251,-0.13942,0.17796,-0.00096809,0.0013852,1
48.19,63.65,54.355,12.027,48.64,64,54.7,12.757,48.38,63.82,54.58,12.398,48.381,63.828,54.576,12.379,0,1.0842,0.0083118,0.0061739,-1.6867,2.846,-999,-999,1.0833,9.1,-999,-999,48.25,63.79,54.495,12.285,48.48,63.88,54.64,12.483,0,1.81,0.13,0.04088,-0.0034324,0.0048449,4.4278e-05,6.2442e-07,2
24.32,26.27,25.26,0.21333,24.38,26.35,25.43,0.22422,24.35,26.31,25.37,0.21902,24.349,26.311,25.356,0.21732,0,0.033652,0.000368,2.882e-05,-2.176,1.5935,-999,-999,1.2787,7.5613,-999,-999,24.33,26.3,25.31,0.21557,24.36,26.33,25.4,0.22159,0,0.345,0.03,0.0042631,-0.00079735,24.69,-4.19e-05,1.652,4
310,493,333,1404.7,361,659,385,3450.7,340,529,358,1950.9,339.9,541.69,357.75,2026,24.568,3109.7,66.413,1.0629e+05,-0.90901,2.0725,0.067505,0.11945,1.3634,7.8202,2.9568,0.32819,334,518,351,1616.9,345,550,364,2388.5,5,81,11,150.41,-0.85714,0.3951,0.00092424,0.0059825,1
54.73,67.87,62.33,9.3973,54.92,68.21,62.96,9.2675,54.83,67.98,62.57,9.3334,54.816,68.01,62.579,9.3004,7.5e-05,0.77448,0.02252,0.0098177,-3.0151,1.884,-0.010514,0.34821,1.274,10.091,2.0552,0.65404,54.76,67.92,62.39,9.3545,54.86,68.13,62.78,9.2671,0,1.56,0.23,0.066644,-0.0044805,0.0033107,0.00019469,1.1577e-06,2
20.53,22.81,21.52,0.35442,20.59,22.94,21.73,0.41466,20.55,22.89,21.63,0.38503,20.553,22.887,21.622,0.38219,5.0694e-05,0.1191,0.0016886,0.00016748,-1.7189,2.4572,0.068827,0.1965,1.3118,10.336,1.9725,0.49909,20.54,22.86,21.57,0.36873,20.56,22.92,21.68,0.40062,0,0.62,0.07,0.0075101,-0.0013986,0.0016372,-8.0611e-05,1.153e-07,4
375,654,396,2700.3,419,892,439,6028,398,783,415,3921.1,398.79,771.91,415.5,3969.8,29.722,7250.7,58.143,3.3263e+05,-1.1493,2.0178,0.053779,0.11431,1.2973,8.1484,2.9369,0.35048,393,711,411,3338.3,403,819,422,4683,5,169,10,290.55,-1.1,0.27895,-0.00059799,0.0058454,1
49.03,64.65,59.28,10.289,50.13,65.15,59.89,9.7313,49.48,64.86,59.61,10.025,49.514,64.866,59.594,9.9918,0.00018409,0.722,0.018434,0.0066599,-2.036,2.0601,-0.019766,0.26852,1.2641,6.8833,1.9676,0.47702,49.19,64.74,59.49,10.162,49.81,64.98,59.77,9.8501,0.015,1.44,0.22,0.05536,-0.0040668,0.0022985,0.00018918,9.949e-07,2
21.2,24.84,22.26,0.5577,21.32,24.93,22.48,0.67088,21.28,24.9,22.38,0.61666,21.292,24.895,22.381,0.61352,2.7273e-05,0.1485,0.001819,0.0002721,-1.7242,1.9934,0.045007,0.1883,1,8.5263,1.9433,0.40981,21.24,24.88,22.32,0.5874,21.3,24.91,22.42,0.64617,0,0.77,0.07,0.01044,-0.0011053,0.0018381,-6.2479e-05,1.4686e-07,4
427,715,447,2431.4,463,1184,489,10637,449,854,469,4632,448.41,799.47,468.6,4553,30.66,11296,43.196,2.1024e+06,-1.6308,6.9353,0.0069033,0.36301,1.2572,55.59,2.9527,10.167,445,749,463,3442.9,453,873,473,5878.7,6,196,9,832.34,-0.94545,0.44916,-0.0011956,0.0095041,1
48.35,62.72,57.35,8.546,48.64,63.68,57.93,8.2646,48.42,62.99,57.72,8.4159,48.467,63.087,57.692,8.387,5.5077e-29,0.4531,0.018439,0.0039083,-1.7165,2.1047,-0.0083481,0.28282,1,6.5824,1.9868,0.46797,48.38,62.9,57.5,8.4909,48.51,63.32,57.81,8.3238,0,1.19,0.22,0.045755,-0.0032331,0.0025735,0.00012745,8.4614e-07,2
21.57,24.68,22.81,0.49689,21.76,25.02,23.03,0.56418,21.64,24.88,22.93,0.53109,21.666,24.866,22.929,0.52887,4.4283e-05,0.082418,0.0021777,0.00010079,-1.2675,2.3747,0.053252,0.18285,1.3728,7.8279,1.9014,0.36195,21.61,24.79,22.86,0.5133,21.69,24.94,22.98,0.54827,0,0.58,0.08,0.0067647,-0.00076741,0.0013518,-6.37e-05,1.2097e-07,4
415,837,442,4280.7,465,1018,493,11167,442,926,468,6919,443.64,903.7,467.26,7074.5,0.5,19282,73.879,2.5364e+06,-1.2167,1.4749,0.085516,0.086978,1,6.0086,3.0225,0.2472,437,885,461,5733.4,449,962,473,8761.6,1,244,11,704.21,-1,7,-0.00062086,0.27704,1
52.68,66.47,59.98,8.0898,52.87,71.41,60.5,8.6104,52.78,66.94,60.19,8.1522,52.765,66.914,60.233,8.131,0,1.8528,0.014141,0.020978,-1.775,2.1517,-999,-999,1.2956,9.2425,-999,-999,52.75,66.62,60.13,8.0914,52.81,67.05,60.385,8.1253,0,2.49,0.18,0.056551,-0.0036976,61.1,0.00012808,20.179,2
21.12,24.4,22.16,0.50253,21.16,24.54,22.36,0.56863,21.14,24.48,22.26,0.53973,21.14,24.477,22.265,0.53607,0,0.085674,0.0017208,9.9639e-05,-1.4312,1.5143,-999,-999,1.3086,4.7312,-999,-999,21.14,24.45,22.24,0.5209,21.14,24.51,22.29,0.55478,0,0.53,0.07,0.005307,-0.00078821,22.12,-5.157e-05,2.6448,4
355,511,383,1528,401,588,435,1984.2,384.5,540,407.5,1693.2,385.51,539.71,407.59,1686.7,39.751,1242.7,69.6,11417,-0.85096,2.6457,0.037635,0.076006,1.7312,11.177,2.8916,0.33746,380,531,401,1627.7,391,546.75,414,1758.2,8,51,11,30.819,-0.24751,0.41489,-0.00021968,0.0013444,1
48.58,63.14,57.9,9.7403,48.84,63.82,58.48,8.5909,48.64,63.32,58.24,9.1273,48.679,63.303,58.207,9.0951,8.3793e-05,1.5405,0.014363,0.020743,-1.5809,2.6667,0.015311,0.39945,1.2045,8.6748,2.0045,0.92458,48.61,63.29,58.12,9.4364,48.74,63.35,58.3,8.7965,0,2.285,0.18,0.098458,-0.0046324,0.015445,0.00016753,2.0321e-06,2
21.46,25.43,22.65,0.36122,21.52,25.54,22.79,0.5078,21.48,25.52,22.71,0.43243,21.486,25.508,22.72,0.42762,2.5747e-05,0.35459,0.00095158,0.00098392,-1.3255,2.0846,0.044296,0.2194,1.0179,7.2273,2.004,0.4231,21.48,25.5,22.69,0.3964,21.49,25.53,22.74,0.47079,0,1.04,0.05,0.019428,-0.0025109,0.0028463,-8.3069e-05,2.45e-07,4
391,563,415,1633,433,612,456,2138.5,415,584,435,1858.7,415.5,584.54,435.24,1850.8,0,434.53,44.901,3511.6,-1.5644,1.2257,-999,-999,1.5311,5.6004,-999,-999,412,579,431,1762.3,419,590,440,1941,0,39,9,21.536,-0.091488,496,-0.00036556,664.98,1
52.18,62.57,56.67,6.7417,52.46,62.75,57.22,6.3816,52.24,62.66,56.94,6.5985,52.285,62.659,56.958,6.5655,0.00021,0.73781,0.014459,0.0086346,-2.1007,2.0089,-0.058772,0.33698,1.2431,10.179,2.0235,0.80126,52.21,62.63,56.85,6.695,52.33,62.69,57.04,6.4925,0.03,1.46,0.19,0.065361,-0.004108,0.0032237,0.00023041,1.039e-06,2
21.79,25.28,22.61,0.6538,21.85,25.36,22.77,0.75968,21.82,25.32,22.66,0.7122,21.824,25.323,22.658,0.70804,3.3585e-05,0.099775,0.0011963,0.00014961,-1.7811,1.1675,0.033959,0.187,1.2861,5.3256,1.994,0.27047,21.82,25.32,22.64,0.68416,21.83,25.33,22.7,0.7393,0,0.57,0.06,0.0080832,-0.0013977,0.0015171,-8.1143e-05,1.1508e-07,4
46,389,79,2316.9,106,618,135,6435.6,87,474,107,3539.4,88.276,490.95,107.96,3740.4,57.841,10101,94.349,7.0399e+05,-1.4537,1.7091,0.088228,0.11934,1.4029,9.561,2.8585,0.47099,82,443.75,101,2945.3,93,522.25,114,4558,9.5,184,13.75,405.03,-0.4323,1.5769,0.00024251,0.013599,1
47.54,61.1,54.54,10.277,47.6,61.28,55.26,9.5079,47.54,61.16,54.95,9.915,47.56,61.174,54.959,9.8848,0.00021818,1.259,0.020823,0.019537,-1.8352,1.8732,-0.052107,0.2935,1.2526,5.9286,2.0106,0.50079,47.54,61.13,54.73,10.125,47.585,61.22,55.11,9.7344,0.03,2.05,0.22,0.095727,-0.03,0.0042877,0.00035156,6.3559e-06,2
21.79,26.69,22.84,1.3366,21.84,27.12,23.1,1.5933,21.81,26.98,22.95,1.4686,21.812,26.935,22.952,1.462,3.1822e-05,0.17733,0.0021805,0.00056885,-1.575,2.3768,0.051642,0.20716,1.3739,9.5455,1.9564,0.52027,21.8,26.81,22.91,1.4021,21.82,27.05,23.01,1.5324,0,0.735,0.08,0.016424,-0.0018055,0.015,-0.00011621,1.4479e-06,4
391,823,415,3737.2,431,920,452,11208,414,823,432,6196.5,412.57,823,432.6,6185.7,0,12346,48.15,2.6602e+06,-2.2761,3.9722,-999,-999,1.2748,21.129,-999,-999,408,823,428,4841.6,416,823,437,7778.6,0,224,10,1083.8,-4.5357,823,-0.0015842,3622.7,1
-4,61.94,56.955,29.787,48.97,62.18,57.65,7.5994,48.84,62.06,57.41,7.9148,48.854,62.061,57.41,7.8695,0,4.9596,0.017532,0.16228,-25.81,2.1033,-999,-999,1.0238,681.78,-999,-999,48.81,62.03,57.25,8.0525,48.87,62.09,57.515,7.7713,0,2.485,0.22,0.11343,-0.0062089,54.51,0.00029863,17.53,2
-40.1,25.57,23.07,24.249,21.95,25.68,23.37,0.73516,21.92,25.64,23.24,0.66455,21.92,25.633,23.252,0.65711,0,5.7293,0.0019368,0.19295,-26.51,2.0412,-999,-999,1.0238,706.52,-999,-999,21.91,25.62,23.165,0.62246,21.93,25.65,23.32,0.70349,0,0.76,0.07,0.016711,-0.0012398,23.34,-0.00013395,3.2138,4
377,651,399,3308.5,419,744,445,7319.2,399,717.5,421,5054.5,398.15,713.04,420.82,4970.2,12.018,9693.3,57.76,6.5037e+05,-1.5088,2.0012,0.034069,0.139,1.3799,8.0751,2.8686,0.34104,394,709,415,4157.8,404,725,426,5829,4,203.5,11,440.88,-0.45107,0.44698,-0.0011902,0.005169,1
44.38,57.81,52.33,8.7308,44.65,58.02,52.94,8.3214,44.45,57.9,52.62,8.5513,44.474,57.913,52.65,8.5187,0.00022909,0.74076,0.017521,0.011041,-1.4743,3.0229,-0.011197,0.29062,1.2992,11.883,1.9718,0.7667,44.42,57.87,52.49,8.6511,44.52,57.96,52.81,8.4463,0.03,1.57,0.22,0.080336,-0.0041266,0.0029566,0.00031761,1.3495e-06,2
22.67,26.96,24.08,0.79506,22.72,27.1,24.39,0.92843,22.7,27.06,24.25,0.86837,22.694,27.043,24.255,0.86139,2.1818e-05,0.1414,0.0021034,0.00046574,-1.5831,1.5562,0.037305,0.15065,1.4898,4.7161,1.8942,0.23867,22.69,27.02,24.18,0.83331,22.7,27.08,24.32,0.90159,0.005,0.74,0.08,0.016182,-0.0011654,0.0017928,-0.00014795,2.5583e-07,4
273,814,295,8959.4,320,996,343,23874,297,908,319,14831,297.39,907.2,319,14952,21.511,18716,54.976,4.7213e+06,-1.7532,2.5938,0.12492,0.21256,1.1808,10.303,2.8597,0.67432,294,892,312,11821,301,923,324,18407,7,257,11,1641.7,-0.48485,0.63752,-0.00061669,0.014322,1
49.68,59.34,54.76,5.7801,49.97,59.49,55.33,5.724,49.74,59.37,55.01,5.7446,49.777,59.391,55.03,5.7371,0.00019777,0.81688,0.011203,0.0036585,-2.311,2.2402,0.056681,0.39647,1.2653,8.289,2.0705,1.0848,49.68,59.37,54.92,5.7642,49.87,59.43,55.11,5.7381,0,1.87,0.16,0.041819,-0.0042328,0.0022142,0.00014929,5.9133e-07,2
22.61,25.52,23.47,0.39951,22.64,25.64,23.65,0.47353,22.63,25.57,23.56,0.43625,22.627,25.572,23.564,0.43365,2.6067e-05,0.17599,0.0010113,0.00014665,-1.153,1.6872,0.051068,0.16152,1.0333,5.4569,1.9763,0.30343,22.62,25.55,23.52,0.41657,22.63,25.59,23.6,0.45378,0,0.87,0.05,0.0065154,-0.00064144,0.001961,-8.6693e-05,9.4666e-08,4
357,494,381,1195.8,405,546,422,1510.3,384,517,400,1333.8,383.7,518.09,400.22,1330.6,33.037,1396.7,51.383,8029.4,-1.0069,0.67762,0.066416,0.041998,1.2653,4.2167,2.9381,0.14932,379,513,394,1283.2,389,522,405,1386,6,67,10,25.073,-0.82143,0.99394,-0.00016874,0.0068037,1
46.79,63.14,57.31,12.19,46.95,63.35,58.33,10.89,46.85,63.26,57.9,11.598,46.865,63.243,57.851,11.52,0.00016364,1.2672,0.026815,0.037169,-1.4961,1.9086,-8.7019e-13,0.2756,1.3256,6.1923,1.9666,0.48783,46.82,63.17,57.65,11.917,46.89,63.32,58.05,11.246,0,2.15,0.29,0.15478,-0.005403,0.0052532,0.00033283,2.7362e-06,2
21.6,26.27,22.72,0.85393,21.66,26.37,22.96,1.1209,21.62,26.34,22.83,0.99593,21.624,26.33,22.833,0.98551,3.4668e-05,0.13593,0.0021103,0.00082913,-1.2773,1.4601,0.04025,0.15638,1.5632,4.606,1.9161,0.20589,21.62,26.32,22.785,0.92419,21.64,26.35,22.88,1.0626,0,0.65,0.08,0.024155,-0.0015398,0.0017704,-0.00012596,3.7022e-07,4
281,453,302,1868.5,329,560,349,3237.6,309,488,325,2329.7,309.01,491.29,325.74,2364.7,34.178,1548.3,57.956,37296,-1.1519,1.7813,0.01945,0.099972,1.4028,6.5196,2.8823,0.23814,303,469,320,2104.6,314,520,330,2614.7,8,70.5,11,88.858,-1.3939,0.15839,-0.00053471,0.0065917,1
47.21,65.51,59.58,15.657,49.13,66.15,60.47,13.161,47.96,65.89,60.04,14.247,47.998,65.884,60.047,14.252,0,7.2247,0.047815,0.31148,-1.4094,1.5831,-999,-999,1.2609,5.3486,-999,-999,47.67,65.83,59.89,15.047,48.16,65.95,60.235,13.685,0,4.82,0.33,0.24793,-0.012671,55.14,0.00036094,8.2173,2
20.76,25.42,22.24,0.89788,20.8,26.19,22.52,1.2053,20.78,25.81,22.355,1.0371,20.777,25.775,22.36,1.035,0,0.95363,0.0023977,0.0050097,-1.3584,1.8517,-999,-999,1.243,6.2208,-999,-999,20.77,25.68,22.31,0.96852,20.78,25.967,22.44,1.1229,0,1.81,0.08,0.030579,-0.0025906,23.9,-0.00012965,1.5438,4
329,461,348,1164.7,371,510,392,1430.3,351,487,369,1281.6,351.81,486.92,368.93,1280.5,36.558,362.05,51.918,1866.7,-0.57199,0.74072,0.016649,0.029675,1.7866,3.7247,2.9164,0.081597,347,481,364,1236.6,357,493,374,1326.8,7,32.5,10,11.621,-1.5874,0.073948,-0.00057009,0.0072072,1
49.68,62.51,57.38,8.4501,50,62.78,57.9,8.1986,49.81,62.63,57.62,8.3302,49.794,62.617,57.644,8.314,0.00019636,0.39345,0.016757,0.0017529,-1.3317,2.2062,-0.013482,0.21923,1.2855,7.5047,1.9575,0.39173,49.71,62.54,57.53,8.3985,49.87,62.72,57.81,8.2512,0,1.12,0.22,0.031206,-0.0030199,0.0023137,0.00011766,7.2839e-07,2
21.54,24.15,22.48,0.42229,21.66,24.29,22.7,0.48425,21.57,24.24,22.59,0.45662,21.578,24.238,22.571,0.45425,3.2541e-05,0.020413,0.0020384,1.6336e-05,-1.2952,1.479,0.041432,0.096813,1.5505,4.5551,1.8882,0.1613,21.56,24.21,22.52,0.43816,21.59,24.27,22.64,0.47156,0,0.245,0.08,0.0030586,-0.00072727,0.00059656,-3.3934e-05,8.231e-08,4
365,631,383,2105.5,400,870,428,6028.5,385,766.5,403,3444,384.99,767.19,403.92,3624.5,28.932,9316.4,44.685,6.9024e+05,-1.1186,1.9588,0.074511,0.11266,1.2386,7.5213,2.9029,0.39906,382,717,398,2803.5,388,819,408,4599.3,6,173.5,10,471.68,-2.6273,0.36956,-0.0019548,0.023087,1
50.19,63.79,57.87,9.5264,50.51,64.09,58.48,9.4053,50.29,64,58.12,9.481,50.305,63.978,58.137,9.4553,0,0.45304,0.022592,0.0035841,-1.4147,2.1382,-999,-999,1.3116,7.2128,-999,-999,50.26,63.94,57.96,9.5106,50.35,64.03,58.27,9.4316,0,1.27,0.25,0.047661,-0.0032062,0.0022763,0.0002045,1.0261e-06,2
21.34,24.18,22.52,0.6304,21.45,24.36,22.81,0.69872,21.38,24.28,22.67,0.67011,21.383,24.267,22.665,0.66573,1.7778e-05,0.071874,0.0026197,8.3536e-05,-1.5361,2.0293,0.065567,0.19602,1.3055,6.8386,1.9066,0.34186,21.36,24.23,22.58,0.64875,21.4,24.31,22.74,0.68577,0,0.45,0.08,0.0067261,-0.00083239,0.0012685,-9.2919e-05,1.4069e-07,4
264,421,290,1296.9,304,538,327,1821.8,288,478,309,1476.6,287.45,478.75,308.26,1494.4,27.505,2943.7,41.264,27319,-0.53068,1.3136,0.061598,0.040147,1.4052,4.7193,2.9719,0.16014,283,453,304,1386,292,501,313,1614.7,5,107,9,47.68,-0.12011,0.23573,-0.0010281,0.00066835,1
50.13,63.82,57.62,9.7478,50.51,64.18,58.27,9.4091,50.23,64.12,57.96,9.6142,50.238,64.055,57.982,9.583,0,0.44022,0.028823,0.0039709,-2.2678,1.7298,-999,-999,1.1143,6.1429,-999,-999,50.16,64,57.825,9.6927,50.29,64.15,58.12,9.5063,0,1.21,0.3,0.050604,-0.0031939,0.006,8.2678e-05,1.3025e-06,2
20.17,23.53,21.405,0.78732,20.24,23.75,21.76,0.87247,20.2,23.71,21.565,0.83821,20.195,23.677,21.567,0.83293,3.3333e-05,0.048599,0.0029325,6.1699e-05,-1.108,1.7091,0.045763,0.13115,1.5,4.6229,1.9067,0.19502,20.19,23.63,21.495,0.81222,20.2,23.73,21.66,0.85801,0,0.38,0.09,0.006211,-0.003,0.005,-1.1841e-05,2.4771e-07,4
291,518,307,1583.2,322,809,353,6221.9,313,633.5,329,2852.5,312.73,650.39,328.76,3064.1,15.583,13135,60.505,1.6335e+06,-0.68291,1.8161,0.075416,0.060992,1.3572,6.9641,2.9169,0.20192,308,594,323,2078.9,317,693.5,334,4094.4,5,209.5,11,584.7,-1.3636,0.99301,-0.0010062,0.013309,1
48.84,57.19,54.58,5.0689,48.9,57.35,54.83,4.9494,48.87,57.28,54.7,5.001,48.872,57.265,54.677,4.9922,0,0.28039,0.0033407,0.00069259,-1.5501,1.6824,-999,-999,1,7.7075,-999,-999,48.84,57.25,54.64,5.0322,48.9,57.31,54.73,4.9588,0,0.93,0.09,0.015683,-0.0025504,52.02,7.8819e-05,14.627,2
22.38,23.8,22.76,0.046128,22.42,24.15,22.82,0.068902,22.4,23.92,22.79,0.055229,22.397,23.953,22.79,0.055237,0,0.051237,0.00010578,2.1856e-05,-2.846,1.7917,-999,-999,1.5022,9.1,-999,-999,22.39,23.86,22.78,0.04978,22.4,24.05,22.8,0.061625,0,0.43,0.01,0.0020836,-0.0007601,23.31,-1.8226e-05,2.937,4
341,470,367,966.75,378,506,410,1140.7,362,486,386.5,1040.4,361.46,486.72,386.67,1036,21.397,510.85,44.216,3422.9,-0.99269,0.7517,0.041017,0.04071,1.5207,4.0773,2.9335,0.14247,357,482,381.5,1005.5,365,490,392,1077.5,6,41,9,20.194,-0.10189,0.97253,0.0003293,0.0030115,1
-500.96,66.44,62.12,1709.8,55.2,66.79,62.63,7.3752,54.95,66.71,62.39,7.5003,54.972,68.713,62.4,7.6454,0,447.38,0.015547,1074.7,-26.756,1.4583,-999,-999,1,716.93,-999,-999,54.89,66.59,62.27,7.5932,55.01,66.76,62.57,7.4328,0,1.44,0.2,0.039219,-0.0058741,62.57,5.7924e-06,21.048,2
20.91,22.7,21.58,0.16875,20.96,265.73,21.73,320.09,20.94,22.82,21.64,0.18395,20.937,23.789,21.65,0.20523,0,82.89,0.000803,36.926,-1.0955,26.758,-999,-999,1.5129,717,-999,-999,20.93,22.78,21.61,0.17616,20.94,22.83,21.68,0.19075,0,0.2075,0.04,0.001991,-0.0020796,21.45,5.0071e-06,2.4736,4
155,261,170,760.42,192,399,206,1344.2,174,326,187,965.3,175.09,327.25,187.24,982.38,4.5,6111.7,35.702,1.0766e+05,-0.79094,1.1857,0.012568,0.041933,1,6.6418,2.982,0.19487,171,293.5,183,881.06,179,357,192,1116.6,3,159,8,83.164,-1.2028,3,-0.00022502,0.053832,1
50.19,60.07,57.07,7.5553,50.39,60.22,57.28,7.2897,50.26,60.19,57.16,7.4158,50.283,60.154,57.169,7.4118,0.0001184,0.31824,0.0034331,0.0007725,-1.4954,2.444,0.034501,0.3089,1.1733,10.883,2.0918,0.85816,50.23,60.13,57.1,7.4859,50.35,60.19,57.22,7.3476,0,0.98,0.09,0.015633,-0.0027165,0.0016574,7.2446e-05,2.1662e-07,2
22.9,23.75,23.28,0.029868,22.94,23.79,23.34,0.030645,22.92,23.77,23.31,0.030211,22.916,23.768,23.306,0.030185,4.2596e-05,0.0070189,0.00010286,2.17e-07,-1.1844,1.356,-0.010875,0.069732,1.5,4.4777,2.6065,0.2985,22.91,23.76,23.3,0.030018,22.92,23.77,23.32,0.030394,0,0.15,0.01,0.00017539,-0.00015596,0.005,-1.1944e-05,1.4163e-07,4
325,535,344,2201.8,372,608,392,4426.9,350.5,567,368,3086.1,348.96,565.87,367.97,3070.8,41.736,2491.3,63.971,1.1648e+05,-1.2771,3.0965,0.096317,0.15298,1.5476,13.065,2.9971,0.54853,344,559,361,2732.1,352,574,372,3430.3,7,95.5,11,156.03,-2.6044,0.18445,0.00012564,0.020221,1
54.86,68.07,63.59,9.48,55.05,68.39,64,8.9578,54.92,68.24,63.76,9.1887,54.946,68.226,63.772,9.1879,0.00024231,0.79346,0.019248,0.0064763,-1.5461,2.0993,0.046328,0.28046,1.0238,7.3154,2.0125,0.53784,54.92,68.15,63.71,9.3351,55.01,68.3,63.88,9.0745,0,1.62,0.21,0.057965,-0.0042825,0.0027788,3.8623e-05,1.0034e-06,2
20.28,22.29,20.91,0.24925,20.36,22.44,21.13,0.30176,20.31,22.39,21.01,0.27909,20.314,22.383,21.013,0.27616,4.2308e-05,0.070793,0.00093195,5.471e-05,-1.4304,2.1203,0.01227,0.1753,1.3677,6.8253,2.0586,0.39574,20.3,22.35,20.98,0.26453,20.32,22.42,21.06,0.29176,0,0.48,0.05,0.005306,-0.00061766,0.001283,7.6692e-06,7.9045e-08,4
331,474,350,1465.5,384,530,405,1732.9,361,501,378,1592.1,360.92,500.59,377.98,1580,51.909,417.75,77.196,2452.5,-0.41728,0.89417,0.023716,0.029821,1.9274,4.3972,2.9491,0.1115,356,493,373,1533.3,365,507,383,1634,8,34,12,12.655,-0.089923,0.67133,-0.0010191,0.0016474,1
48.06,56.26,53.7,4.95,48.19,56.45,53.88,4.7708,48.12,56.39,53.79,4.8698,48.124,56.364,53.789,4.8581,0.00019718,0.2525,0.0028525,0.00046821,-1.6678,1.5585,0.03907,0.26639,1.2404,6.3639,2.1237,0.73643,48.12,56.32,53.73,4.9084,48.12,56.39,53.82,4.816,0,0.9,0.09,0.012208,-0.0024181,0.0043214,6.4661e-05,2.737e-07,2
23.68,24.45,23.95,0.030282,23.73,24.56,24.02,0.031987,23.7,24.5,23.98,0.03105,23.703,24.503,23.983,0.031037,3.4134e-05,0.0025423,0.00010552,4.6591e-08,-1.1996,0.89552,-0.0035832,0.096652,1.6555,4.6275,2.4612,0.34105,23.7,24.48,23.98,0.03067,23.71,24.52,23.99,0.031402,0,0.09,0.01,0.00013567,-0.00017857,0.00090909,-1.1977e-05,5.3868e-09,4
267,566,291,2860.2,307,786,340,9660.9,287,740,315,5800.7,287.67,720.41,314.43,5709.2,38.126,19690,64.863,3.6266e+06,-1.8909,2.1298,0.06622,0.2065,1.2634,8.2483,2.9128,0.60579,283,715,309,4243.7,292,753.5,320,7622.3,7,291,11,1189.6,-0.47527,2.2485,-0.00036373,0.023086,1
45.04,59.77,53.03,11.237,45.84,59.98,53.92,10.14,45.44,59.92,53.54,10.779,45.473,59.916,53.533,10.696,0.00023864,0.72764,0.04214,0.012427,-1.339,2.0247,0.019886,0.23109,1.1143,6.196,1.9333,0.37963,45.24,59.89,53.32,10.999,45.51,59.95,53.66,10.435,0.03,1.825,0.34,0.092368,-0.0040391,0.0035041,0.00023325,1.9917e-06,2
22.05,27,24.13,1.062,22.1,27.56,24.39,1.286,22.08,27.34,24.24,1.1879,22.078,27.305,24.238,1.1786,6.0606e-05,0.17284,0.0051156,0.00046792,-1.9867,1.8821,0.046329,0.21865,1.2875,6.0029,1.8595,0.40638,22.07,27.16,24.17,1.1265,22.08,27.48,24.32,1.244,0.005,0.765,0.12,0.016833,-0.0014685,0.0019885,-0.00015313,3.2758e-07,4
453,778,485,3975.3,504,1034,546,12034,479,927,514,6916.5,479.1,912.07,515.94,6992.5,33.073,14190,94.854,2.9274e+06,-1.6219,2.1435,0.047003,0.27026,1.1811,9.5151,2.9154,0.79235,474,878,504,5422.1,485,977,522,8988.2,6.75,242.5,13,1187.1,-0.51738,0.49272,-0.00017577,0.010315,1
52.81,66.3,59.4,10.527,53.44,66.73,60.34,10.057,53.28,66.56,59.89,10.33,53.256,66.542,59.814,10.272,0.0010223,1.086,0.046979,0.019349,-1.751,2.4261,-0.034066,0.30337,1.3722,9.2669,2.0042,0.6432,53.13,66.5,59.68,10.428,53.35,66.62,60.04,10.191,0.03,2.01,0.35,0.098223,-0.0057857,0.0031222,0.00023632,2.1262e-06,2
20.74,25.2,22.06,0.83017,20.82,579.27,22.38,5001,20.76,25.27,22.22,0.90486,20.773,33.228,22.222,2.3883,6.4525e-05,430.62,0.0042267,2964.3,-1.7243,26.777,0.033844,11.796,1.3736,718,1.9702,8262,20.76,25.24,22.16,0.86601,20.78,25.31,22.262,0.93728,0.01,0.605,0.1,0.013044,-0.0045762,0.014179,-7.7199e-05,9.6744e-07,4
431,975,451,9314.8,476,1215,499,25636,456,1120,479,16011,457,1107.2,476.78,16071,37.431,24880,60.074,9.2142e+06,-1.5062,2.0331,-0.080233,0.14068,1.2858,9.2086,2.8993,0.49713,451,1071,471,12703,463,1152,480,20070,5,300,10,1961,-1.3986,0.73645,-0.00093154,0.02146,1
49.77,57.65,54.8,4.2601,49.97,58.42,55.17,4.4126,49.87,58.24,54.98,4.3314,49.879,58.164,55.006,4.3202,0,0.56704,0.0058961,0.0037913,-1.7524,1.3996,-999,-999,1,6.7901,-999,-999,49.84,58.12,54.89,4.2951,49.94,58.33,55.08,4.3713,0,1.355,0.13,0.038134,-0.0029507,0.03,-7.4846e-07,5.3572e-06,2
22.86,24.94,23.48,0.14659,22.9,25.17,23.58,0.18078,22.88,25.09,23.54,0.16275,22.879,25.088,23.534,0.16207,2e-05,0.043986,0.00043998,2.1129e-05,-1.5,1.3456,0.013106,0.10954,1,4.3071,2.1484,0.28251,22.88,25.06,23.52,0.15381,22.88,25.14,23.55,0.17184,0,0.34,0.03,0.0032919,-0.00083446,0.01,-1.4907e-05,5.9135e-07,4
361,607,381,3065.4,393,769,420,7734.6,378,695.5,399,4605.1,377.69,676.34,399.57,4703.3,27.618,7957.9,40.245,8.1653e+05,-2.1967,1.7889,0.015918,0.1278,1.3672,7.9662,2.8537,0.3134,374,640,395,3837.5,382,714,404,5607.8,7,161,9,478.91,-0.3397,0.87273,-0.0012603,0.005934,1
42.08,50.32,46.75,4.0881,42.18,50.58,47.05,4.2839,42.15,50.51,46.89,4.1694,42.146,50.493,46.885,4.1664,0.00014796,0.25797,0.0060846,0.0010181,-1.5338,1.8396,0.068359,0.29507,1.225,7.7224,2.0203,0.89369,42.12,50.45,46.82,4.1216,42.15,50.55,46.98,4.231,0,1,0.13,0.02455,-0.0017727,0.0024505,-2.505e-05,3.6155e-07,2
25.18,26.97,26.17,0.16762,25.24,27.01,26.31,0.16309,25.2,26.99,26.24,0.1678,25.206,26.991,26.245,0.16582,4.4679e-05,0.020693,0.00069639,1.0907e-05,-1.6027,1.1895,0.017011,0.16202,1.3478,5.7842,2.0461,0.36034,25.19,26.98,26.21,0.16772,25.22,27,26.27,0.16584,0,0.26,0.04,0.0027603,-0.0013736,0.00059359,-1.0851e-05,5.5618e-08,4
349,485,366,1208.2,386,650,405,1701.4,369,533,386,1359.1,369.4,549.21,385.44,1392.1,27.01,3519.5,41.009,45320,-0.63285,1.05,0.01816,0.038582,1.7046,4.1886,2.9214,0.12998,365,511,381,1294,373,581,389,1504.2,5,104,8,50.983,-0.82967,0.21547,-0.00016019,0.0024417,1
47.54,60.22,53.92,9.7982,47.64,60.47,54.89,8.9555,47.57,60.4,54.42,9.4426,47.576,60.375,54.436,9.3885,0.0001,0.72249,0.031292,0.013865,-1.4014,2.4749,-0.0012133,0.24871,1.2976,7.125,1.9373,0.46928,47.54,60.37,54.26,9.6453,47.6,60.4,54.7,9.1968,0,1.52,0.31,0.09265,-0.004081,0.0025221,0.00036041,1.79e-06,2
21.99,26.67,23.39,1.0086,22.03,26.72,23.6,1.209,22.01,26.7,23.5,1.118,22.008,26.704,23.504,1.1105,3.6146e-05,0.08959,0.0023548,0.0003363,-1.0571,1.889,0.041337,0.094574,1.3408,6.0049,1.8819,0.19624,22,26.7,23.45,1.0639,22.01,26.71,23.55,1.1681,0,0.53,0.08,0.014449,-0.00095094,0.0014383,-0.00013104,2.5149e-07,4
455,783,483,2865.5,496,963,529,8721.6,479,920,507,4816.5,476.56,908.12,507.5,4981.3,27.823,19026,57.295,2.9122e+06,-1.7074,3.4658,-0.0175,0.22428,1.2412,23.017,2.8883,2.4796,472,895,503,3925.4,480,928,513,6354.1,2,277,10,842.28,-0.43063,0.90989,-0.0010709,0.0076765,1
48.61,60.01,54.7,7.4635,48.77,60.31,55.495,7.437,48.64,60.16,55.08,7.4814,48.666,60.171,55.085,7.4628,0.00029613,0.53428,0.016358,0.0064907,-1.7123,2.0033,0.015427,0.32663,1.2163,7.1563,2.0113,0.63792,48.64,60.1,54.875,7.5075,48.68,60.25,55.26,7.4763,0,1.3125,0.205,0.058213,-0.0035089,0.0026698,0.00024606,1.0473e-06,2
21.6,25.22,23.55,0.62276,21.75,25.36,23.83,0.63062,21.66,25.28,23.69,0.63128,21.66,25.281,23.694,0.62576,5.2811e-05,0.09071,0.0021046,0.00017203,-2.003,1.8194,0.014089,0.16473,1.3438,5.9307,1.9196,0.31584,21.63,25.25,23.625,0.62627,21.69,25.3,23.745,0.63059,0,0.585,0.08,0.0096289,-0.00071046,0.0014464,-0.00011332,1.5995e-07,4
