439,732.500000000000,463,3195.65180378466,41.7922957640202,3427.69511097369,62.9139335532192,158176.969760657,1
42.4500000000000,54.3900000000000,49.7250000000000,7.26075261544559,0.000190905998763151,0.811940093451521,0.0130819416958703,0.00348724936612883,2
22.6400000000000,25.6300000000000,23.8500000000000,0.569871991162383,3.98763141620359e-05,0.0189230024737167,0.00153772658558374,1.36986250127393e-05,4
457,1147,476,8300.07346320767,47.0692090977804,34029.3544801759,71.5892393320964,6324120.23636171,1
50.7700000000000,62.1650000000000,57.6350000000000,7.64863341892667,0.000149025974025985,0.125205085832914,0.00463772176054501,0.000371596309657749,2
22.3100000000000,24.8050000000000,23.2600000000000,0.236078646360386,4.40524290524322e-05,0.0372160636982065,0.000551636487211036,1.50817426504230e-05,4
338,470,352,1243.00895146057,20.6953068095925,416.422538308252,33.3911547447262,2679.69508684899,1
50.4200000000000,61.7000000000000,57.4100000000000,7.56278404295689,0.000118535309503058,0.147042543941628,0.00471797292654425,0.000305432423367932,2
22.4900000000000,24.9000000000000,23.3600000000000,0.197734407255616,3.25073867930945e-05,0.00596522332165192,0.000422112107469241,1.00644252121005e-06,4
430,1045,452,10644.8370831259,12.5000000000000,14249.2975022332,47.6689393939394,2320079.09301489,1
51.5400000000000,63.0200000000000,58.0800000000000,8.10133045081967,0,0.195964550264552,0.00551382898610257,0.000656005501254486,2
21.7800000000000,24.6800000000000,22.9800000000000,0.303653017731683,0,61948.0132942827,19289.3988212518,58119039.2526296,4
319,655,339,2845.63421685748,53.9238095238095,15399.0432785483,78.9475137046721,2421699.79451152,1
50.9000000000000,62.5100000000000,58.0050000000000,7.91713272482163,0.000136676798378936,1.21349061113303,0.00693286951144088,0.00659570797622664,2
22.0300000000000,24.5100000000000,23.0100000000000,0.185220182926829,3.75108225108274e-05,0.0327678540507113,0.000471133076714601,1.46151801017951e-05,4
394,628.500000000000,410,1720.14992472399,0,1338.86001511716,53.9743661100803,24069.6515912944,1
50.8700000000000,62.9300000000000,58.3000000000000,7.84411545739729,0.000243920841063675,0.932828817425955,0.00882931890887852,0.00464055808799119,2
22.2300000000000,24.6400000000000,23.1200000000000,0.280734231852527,4.47450697450699e-05,0.0219305449048307,0.000656639524496683,5.55148263086631e-06,4
334,766,349,2850.06454499833,22.9230769230769,3248.33863808149,41.2187040472755,101731.972364440,1
47.5100000000000,60.8600000000000,54.5300000000000,11.6436350818829,4.43877551020440e-05,0.641565479282626,0.00197965089468942,0.00180685519349760,2
22.5800000000000,24.6800000000000,23.9050000000000,0.305026683195035,3.04156809732968e-05,0.00654785405071117,9.39359582216702e-05,5.40077218832786e-07,4
378,541,395,1574.80221646035,0,883.674774960486,52.8412935975335,5234.14235927310,1
47.6400000000000,59.9500000000000,54.4950000000000,9.54052970889833,6.50432900432950e-05,1.00789620662406,0.00209777142170010,0.00463888002705432,2
23.0500000000000,24.8000000000000,24.2000000000000,0.214532277541658,3.32065553494081e-05,0.00400236239950528,8.40593004878689e-05,7.62079274271944e-08,4
432,1020,449,6699.01152559384,0,24791.4259740259,59.1731052016767,4219356.30460069,1
47.3100000000000,59.2800000000000,55.3300000000000,9.23257837546493,0,0.239791994628011,0.00341315879887318,0.000757582954827525,2
23.3000000000000,25.2700000000000,23.8800000000000,0.107997929627070,0,0.0223749412492270,0.000119446162303321,6.46351882172730e-06,4
463,623,480,1759.46574166252,0,426.536468816321,62.2979093657665,2545.76029451570,1
49.9700000000000,62.7200000000000,58.8500000000000,10.7516247298428,0,0.320340037243949,0.00373538659633228,0.000724975378190993,2
22.3400000000000,23.1900000000000,22.8200000000000,0.0393105026764804,0,576.525456647631,7.89153439153431e-05,4020.75745477025,4
362,493,377.500000000000,1348.93909380692,29.3758365972652,1635.72783618498,43.3755376898235,14487.2629308721,1
50.3500000000000,61.6100000000000,58.0500000000000,9.55584615005018,0,0.200732173435030,0.00249739950525666,0.000284234834314169,2
22.8800000000000,23.7100000000000,23.3000000000000,0.0287990732686518,0,0.00303164832263266,5.99996564282289e-05,6.02990173074108e-08,4
339,465,356,1294.84977737300,34.8527701719417,230.602387823816,48.0759187607303,679.040709029053,1
45.4100000000000,54.9800000000000,51.9800000000000,6.90627278745645,0,0.133703852652923,0.00182765323301033,0.000128054311511118,2
22.6550000000000,23.5300000000000,23.1600000000000,0.0321590712626514,0,0.00265365907890716,6.55193400473016e-05,3.06829445464014e-08,4
316,440,332,1245.93631989381,0,234.523311344740,45.9946059231774,662.119810689864,1
51.3500000000000,62.1500000000000,58.6100000000000,9.62408454050229,0,0.123308515700975,0.00203151893080475,0.000107043632044546,2
22.6400000000000,23.5700000000000,23.1100000000000,0.0404536330272210,0,0.000392714904143475,5.96151996151954e-05,3.53154236273465e-09,4
394,709,420.500000000000,3589.98705980571,35.1230124372983,5207.02358316633,50.4120628049200,148317.955800655,1
48.5800000000000,60.9200000000000,56.4650000000000,10.0026556598537,0,0.318959217530962,0.00314125286350115,0.000851893285456239,2
22.9900000000000,24.6800000000000,23.6350000000000,0.102596127726264,0,0.0314441956984814,8.16545409293528e-05,4.61580637219346e-06,4
439,671,470.500000000000,2824.87880321123,39.6578849721707,1327.18625293983,60.0289888682746,22213.2569257078,1
52.8400000000000,71.4400000000000,62,23.0944245751087,0,1.88447474025974,0.0168774768089054,0.0702905408004481,2
20.2800000000000,23.0400000000000,21.5400000000000,1.26595756691201,0,0.369158874458874,0.000206476671476684,0.00195576001103207,4
409,561,430.500000000000,1584.90863438575,28.8208479351337,1523.60608589499,42.4953319582842,14527.4667440421,1
53.3200000000000,65.9800000000000,62.7800000000000,9.15218946906834,0.000304636844636830,0.489250791953092,0.00615824056895485,0.00293554622508875,2
21.1600000000000,22.7800000000000,22.2400000000000,0.104440037020171,3.24137360250002e-05,0.0422559623445339,0.000118506149934734,1.62609549780674e-05,4
286,553,312,2470.21734279078,0,3325.46703772418,67.0498183840981,116666.705845882,1
45.7700000000000,66.0900000000000,58.1800000000000,19.7016543209877,0.000395905998763172,0.899917472342473,0.0367426604480178,0.0244758752201992,2
21.3900000000000,26.8600000000000,22.5700000000000,1.71290543243608,2.81386343804494e-05,0.110712140452140,0.00222932795751289,0.000441474643911015,4
337,430,351,246.328214774281,46.9030303030302,786.334291898579,69.2554353054353,6396.05328055152,1
51.1500000000000,68.3600000000000,59.5350000000000,18.5638620383037,0.000892798392084133,0.499785609839896,0.0148848063973063,0.00805064853880446,2
20.8300000000000,23.2900000000000,21.6000000000000,0.488647496580027,7.04304954304922e-05,0.128129656771799,0.00126059277720685,0.000257276618206472,4
300,579,328,3667.63928944883,54.4776300419157,5813.41777983921,86.3011251975537,203089.039833804,1
52.2100000000000,67.2900000000000,59.6650000000000,8.86332374013358,0.000168395176252293,0.877470748299317,0.00900893200714618,0.00443068070689934,2
21.5000000000000,23.9200000000000,22.5550000000000,0.225998552924509,3.61286332714870e-05,561.988117041751,0.000843409434480870,1294.37878565827,4
350,1084,366,8843.83131482102,0,41424.5563663850,46.7543290043290,7259749.19062192,1
51.7900000000000,62.7800000000000,58.2400000000000,5.47908352012076,0.000200038578120710,0.998262488833918,0.00377534099498380,0.00779307772567903,2
22.2800000000000,24.6500000000000,22.9600000000000,0.252421886173514,2.98135033540347e-05,0.0783251903387617,0.000111490070775783,3.12731590181063e-05,4
416,1285.50000000000,440,12784.9434831006,47.0682711468425,157250.878169449,69.3892238713667,132154934.225250,1
49.8400000000000,61.6400000000000,58.8650000000000,9.83022975443567,0.000239366110080415,1.71267627671271,0.00554003555967836,0.0192786007098063,2
22.1100000000000,24.6400000000000,23.1900000000000,0.211879269968967,3.34102934102905e-05,0.182460841063698,0.000176606713392430,0.000165777194627041,4
419,719,437.500000000000,4762.45827430344,34.1097059025630,5496.16361288304,49.4075448361162,336682.382675638,1
49.0600000000000,61.0100000000000,56.2600000000000,8.20066022524117,0.000135082867212459,1.99857746306603,0.00370351782754325,0.0169145002124988,2
22.5100000000000,24.4500000000000,23.5900000000000,0.282776897389193,3.97069332783713e-05,0.0314391233252833,0.000208264618978915,1.41261051793403e-05,4
374,513,396,1463.23127487688,37.2110355253217,592.292348656635,55.6350566586891,2286.34974514130,1
52.3300000000000,65.4500000000000,60.2350000000000,9.02419415224650,0.000209387755102057,0.710508240225382,0.00374333041297334,0.00364797320016570,2
21.9000000000000,23.5800000000000,23.0050000000000,0.179074284895095,2.76406926407002e-05,0.0271392492956779,8.76114890400643e-05,8.79573994157102e-06,4
232,576,248,3197.08804563492,27.6317735174878,2948.41833648393,47.6649316292174,169960.204766778,1
52.4300000000000,64.2700000000000,59.1600000000000,6.90844995232520,0.000252344663625174,1.46533645296502,0.00490363636363632,0.0103378526077194,2
21.6500000000000,24.2000000000000,22.8400000000000,0.364281003680161,1.99999999999991e-05,573.121386257129,0.000181001855287577,2661.89953603979,4
256,639,275,5783.39000202389,27.9985432556861,7523.62510822510,50.4963220641791,524283.948947631,1
50,63.4100000000000,58.2700000000000,9.23455390777844,0.000215148423005584,0.854354050367611,0.00495098261526823,0.00350315280571234,2
21.7200000000000,24.2900000000000,22.8000000000000,0.421478147136207,3.27593984962435e-05,0.0292079196729196,0.000213625369339659,1.75258816963766e-05,4
410,666,438.500000000000,3229.54740521487,34.4404452690168,1451.24855356284,50.6299096406239,25112.0102260094,1
48.3200000000000,63.8200000000000,54.5800000000000,12.5173667840415,8.00989486703657e-05,0.434859628598914,0.00640191678691699,0.00165933676426984,2
24.3600000000000,26.3200000000000,25.3450000000000,0.219430789779326,0,0.0215023035174071,0.000219531196316898,1.52591440226812e-05,4
340,535,358,1948.70962696554,41.3443937899593,3004.53683432969,65.2055624269910,93328.8022299183,1
54.7800000000000,67.9500000000000,62.6150000000000,9.43351752470823,0.000472492269635165,0.438861352083921,0.0140520043977187,0.00319218774186621,2
20.5500000000000,22.9000000000000,21.6100000000000,0.383845687023544,4.76777983920874e-05,0.0891202950527964,0.000882115930847524,8.96160428981165e-05,4
398,784,415,3970.47524117925,26.8196626125198,4856.87866419293,56.6285989143133,223999.664434630,1
49.3600000000000,64.9500000000000,59.6500000000000,10.1390999945186,0.000218243661100822,0.414375324331753,0.0103102906617192,0.00268673668640044,2
21.2600000000000,24.9000000000000,22.3750000000000,0.619353255076571,3.88565931423149e-05,0.0924718147461002,0.00107090143473156,0.000110580816840880,4
449,863,468,4662.54519069923,29.2403490689204,10212.7425651068,42.8455163883736,1246449.62710245,1
48.3800000000000,63.1700000000000,57.7000000000000,8.51437353563719,0.000391165610360971,0.278246622204136,0.0109099343777914,0.00146705578354227,2
21.6200000000000,24.8700000000000,22.9350000000000,0.534178740808204,3.58666299256058e-05,0.0487657180650040,0.00116265632515634,3.53526861357934e-05,4
443,927,468,7196.79697837464,0,17672.9322167251,73.0191713048853,1947675.27372317,1
52.7500000000000,66.7900000000000,60.2200000000000,8.21047266393443,0,2.35831004603862,0.00886714904143470,0.0237420746038509,2
21.1400000000000,24.5000000000000,22.2800000000000,0.541379313315491,0,0.0595745701917130,0.00103720023362883,4.30763946789094e-05,4
384,540,408,1700.28563899868,43.3034391534392,1104.95170755171,67.9664811379100,8718.57146586362,1
48.6400000000000,63.2900000000000,58.2550000000000,9.17024912290607,0.000331165739022907,0.877406361231362,0.00921511923622099,0.0102100329614610,2
21.4900000000000,25.5200000000000,22.7300000000000,0.437461271409749,3.56613756613780e-05,0.155360543757888,0.000590155251015597,0.000244646961287080,4
415,584,435,1861.44259167082,29.8258056758056,651,43.5420102384389,3041.38074504374,1
52.2400000000000,62.6450000000000,56.9250000000000,6.65043215400054,0.000268135435992598,0.491807965367964,0.00917640692640688,0.00279918468163840,2
21.8200000000000,25.3200000000000,22.6600000000000,0.711354518316131,4.02566481137844e-05,0.0554775991204562,0.000633858204735172,5.28825144583251e-05,4
88,491,107,3739.09508196721,60.6263213640422,3610.12232529375,93.6170686456401,182175.552858910,1
47.5400000000000,61.1600000000000,54.9200000000000,9.91139229508196,0.000205541723279387,0.680511425479282,0.0138946316910602,0.00572472809999739,2
21.8100000000000,27.0100000000000,22.9600000000000,1.44357414436266,3.33577269291523e-05,0.125733414416272,0.00123939393939396,0.000227052242900650,4
413,823,432,6211.91233007472,0,9941.16598295884,48.0539619700532,1602439.10136776,1
48.8400000000000,62.0600000000000,57.3800000000000,7.99005877777778,0,6.40200796385893,0.0118473053519136,0.189851007854509,2
21.9200000000000,25.6400000000000,23.2600000000000,0.670806688492063,0,7.62251054112765,0.00104782381639526,0.257975246779190,4
397.500000000000,719,421,5043.81809940633,32.4759437861671,3643.23153645296,56.9641225176940,245648.265858052,1
44.4500000000000,57.8700000000000,52.6950000000000,8.60897820068476,0.000298438466295604,0.387092056277056,0.0114835996742444,0.00368852486984693,2
22.6900000000000,27.0600000000000,24.2400000000000,0.870608367064698,4.70336863170124e-05,0.0948591163334020,0.00122704167525595,0.000164967736619548,4
296,904,319,15384.6429535182,36.7645947124671,16574.8113790971,52.8457139421426,3672180.91463464,1
49.7100000000000,59.4000000000000,55.0500000000000,5.79382556626526,0.000173345701917143,0.490684291555008,0.00729499398749400,0.00211100357907273,2
22.6200000000000,25.5800000000000,23.5500000000000,0.437162427899210,2.63098368181618e-05,0.0800558317872598,0.000586305229162372,4.02888314906145e-05,4
384,517,401,1346.06643526263,31.4957019171305,1316.89155500584,50.8550264550265,7578.00159112722,1
46.8500000000000,63.2000000000000,57.8550000000000,11.6570888096202,0.000471601731601630,0.687681153026867,0.0177947990105135,0.0112735827748384,2
21.6300000000000,26.3400000000000,22.8400000000000,0.993420442471160,3.23902288187954e-05,0.0731463735999449,0.00122509104651961,0.000273925937571587,4
309,481,325,2343.24142801727,39.2463787535217,969.689122517695,56.8391609236537,22370.4424626565,1
48.0300000000000,65.8600000000000,60.0100000000000,14.6176102360212,0,2.73999156325156,0.0326411351611352,0.0653951616062840,2
20.7800000000000,25.8000000000000,22.3650000000000,1.06122209930314,0,0.372414972857830,0.00144373256373255,0.00105757045709600,4
351,488,369,1281.44499679552,36.3689239332096,308.999721706865,51.2200233628805,856.757175792525,1
49.7700000000000,62.6300000000000,57.6650000000000,8.40899755110302,0.000202176870748315,0.239677481360911,0.0103983426593064,0.000647563492920620,2
21.5900000000000,24.2600000000000,22.6000000000000,0.458457256881198,4.63821892393446e-05,0.0115974839817644,0.00109044148972721,5.75836525966887e-06,4
385,797,403.500000000000,3738.80570734669,28.2287638287639,3928.25602968460,44.7142565106851,182363.933036449,1
50.2600000000000,64,58.1300000000000,9.53989265457398,0.000317560296845951,0.248557589091737,0.0127017376142377,0.00121938301876065,2
21.3900000000000,24.3000000000000,22.6750000000000,0.669897964312218,3.80320208891651e-05,0.0424402319109462,0.00133226053047482,2.99216519806393e-05,4
288,474,309,1499.85986305066,28.0771185091344,2473.18478664193,39.6637124736021,26370.4358555076,1
50.2300000000000,64.1200000000000,58.0200000000000,9.72068086065574,0.000112500000000009,0.270397339145187,0.0169104964612111,0.00147058425661261,2
20.1900000000000,23.7200000000000,21.5400000000000,0.841906132485782,5.32706552706515e-05,0.0313456758056759,0.00152887926887926,2.33567910009910e-05,4
313,665,328.500000000000,3028.85148913224,15.5833333333333,8038.91341647771,60.4963275881493,520181.579968232,1
48.8700000000000,57.2800000000000,54.6700000000000,5.04287000501841,0,0.169763343931692,0.00228655809798671,0.000290956358184321,2
22.4000000000000,23.9800000000000,22.8000000000000,0.0560048402475744,0,0.0164314451108941,7.99773779062130e-05,4.56418260906984e-06,4
361,488,387,1040.47322994670,26.3798357726930,378.100794018221,43.7435111489680,2067.63933601129,1
54.9200000000000,66.7100000000000,62.4050000000000,7.60122073046291,0,596.922753395731,0.00997784563320276,1448.33630791552,2
20.9400000000000,22.8200000000000,21.6400000000000,0.185146991869919,0,110.585167850418,0.000418116996690662,49.7107850177029,4
175,332.500000000000,188,969.953270324523,4.50000000000000,3102.03869992442,35.6536796536797,43668.3850904632,1
50.2300000000000,60.1900000000000,57.1900000000000,7.47411503429240,0.000141643964108128,0.194999099014905,0.00233141070569651,0.000282665617197456,2
22.9200000000000,23.7700000000000,23.3200000000000,0.0298911283037805,3.89115646258506e-05,0.00186803408231978,8.05552119837816e-05,3.21253433982393e-08,4
350,567,368,3127.47906490465,41.6605510891225,1948.22983577269,63.0454201882774,82544.9494949290,1
54.9200000000000,68.2400000000000,63.7900000000000,9.28125565801457,0.000256907854050648,0.467463966826581,0.0121405526958636,0.00250567387618422,2
20.3100000000000,22.4000000000000,20.9950000000000,0.279138805825407,3.88373531230636e-05,0.0459692160691869,0.000556099201048748,2.11397202987228e-05,4
361,501,378,1597.05450988329,53.8072424929566,322.428722600152,76.6455284133856,920.033692544380,1
48.1200000000000,56.3900000000000,53.7900000000000,4.91122996988959,0.000181979949874614,0.155844261367946,0.00186122826908545,0.000158734264346149,2
23.7000000000000,24.5100000000000,23.9900000000000,0.0312872532619605,2.97186147186115e-05,0.00115670445956159,8.12492269635089e-05,1.68024375721777e-08,4
288,742,314.500000000000,6176.45404101734,38.8658386586958,12709.9831340617,60.8763420053915,1875691.46732333,1
45.3700000000000,59.9200000000000,53.5175000000000,10.7718311218208,0.000298095238095256,0.377729526558099,0.0250461537140106,0.00479214478141957,2
22.0800000000000,27.3050000000000,24.2750000000000,1.19440947176685,5.68831168831175e-05,0.0837172047000616,0.00295450298528630,0.000150724724902680,4
478,924.500000000000,514,7127.26425150105,53.4751975537688,12057.0906995121,88.7903439153441,1866887.65581765,1
53.2500000000000,66.5300000000000,59.8750000000000,10.4047412973082,0.000894812066240539,0.582954766714768,0.0318694594180293,0.00586663422857318,2
20.7600000000000,25.2600000000000,22.2000000000000,0.904076949251164,4.86690029547298e-05,574.150698556654,0.00279300831443690,3985.30322125046,4
456,1136,479,16084.6919103758,32.2555524937999,16330.8377104377,59.4864242595390,4282018.19402524,1
49.8400000000000,58.3000000000000,54.9800000000000,4.37102958932753,0.000246011131725435,0.214548195904625,0.00382620043977172,0.00113451944139666,2
22.8800000000000,25.0800000000000,23.5400000000000,0.163757299263968,4.28523149712724e-05,0.0194398471105615,0.000272653061224496,7.10160616678776e-06,4
378,703,399,4769.23559249140,27.4327320827321,5567.40263519549,39.8437074829933,354751.025807700,1
42.1500000000000,50.5100000000000,46.8700000000000,4.20178657997706,4.93011750154642e-05,0.235770053780900,0.00381238863914055,0.000602723191106641,2
25.2000000000000,26.9900000000000,26.2500000000000,0.168646189620859,3.61750154607278e-05,0.0142612989521666,0.000448613310669028,3.84981054778230e-06,4
369,554,386,1409.62166902786,26.5917130488559,3516.39505256648,40.1465247715248,50283.5743448856,1
47.5700000000000,60.3700000000000,54.4800000000000,9.47303256763138,0.000284264069264091,0.376860501614787,0.0189435728028586,0.00417350865658198,2
22.0100000000000,26.7100000000000,23.5050000000000,1.11561626357687,3.50233628805001e-05,0.0505925001717859,0.00145164240334714,0.000109778255846596,4
479,911,507,5164.63176735479,28.0126875593543,9284.73874458875,55.1670961313819,903852.996634477,1
48.6400000000000,60.1900000000000,55.0800000000000,7.50906224696357,0.000178807118807110,0.325765310862357,0.0109155813234384,0.00211243830155848,2
21.6400000000000,25.2700000000000,23.6900000000000,0.629219892366941,4.06926406926504e-05,0.0616115065622209,0.00116412329041111,7.01008451620285e-05,4
25.42,93.21,37.235,349.5634676,7.520862828,199.1774089,19.95820126,1088.453818,7
24.855,39.61,33.385,7.774593152,2.040207273,33.95900283,7.031412323,40.65467634,7
0.23,52.51,0.72,133.3026347,0,73.41274727,1.13E-31,79.59944951,7
35.87,49.91,40.28,15.02489351,1.114233618,17.96728101,3.484141717,6.921987384,7
522.87,707.5,551.025,1820.211249,30.68002727,349.0985828,95.29608763,3651.908383,7
524.34,532.28,529.5725,1.792223674,11.22320455,282.0297404,22.45508727,434.852862,7
1148,1200,1176,70.3037689,29.52727273,35550.7122,62.02828283,22134736.71,7
236,396,356,1253.792632,4.719191919,2625.209756,34.31919192,92915.15081,7
420,984,582,33165.61522,7.967676768,15837.20976,125.7858586,4072825.499,7
212,416,248,2483.945295,35.74949495,1279.442509,201.3252525,25223.50969,7
218,224,220,0.094697308,0,1315.340381,5.090909091,12277.74894,7
96,104,100,2.20248251,0.727272727,1405.361522,18.34343434,23923.27812,7
216,224,220,3.857549086,9.018181818,1304.019512,28.07272727,15139.38088,7
352,356,352,1.960731212,0,1318.009756,12.65454545,29534.06407,7
220,220,220,0,0.355555556,2176.995122,7.143434343,115816.95,7
540,1332,704,21855.0152,5.333333333,19965.9122,1049.334085,5458671.417,7
216,224,220,2.23155044,13.05858586,2547.37561,43.92727273,72932.73782,7
248,256,252,2.417955826,2.052525253,1448.389006,18.94949495,28986.92135,7
894,1404,1180,12043.12859,23.48282828,33039.02547,1147.458586,6532413.066,7
216,224,220,3.333965245,5.688888889,2235.004878,25.01818182,66639.57807,7
220,264,220,201.4788535,0,1161.990244,3.636363636,29448.25842,7
220,240,236,48.75973821,0,1440.819512,1.616161616,36680.87918,7
216,820,224,32828.40605,5.058585859,16189.39535,43.90697674,2283571.827,7
220,220,220,0,0,6923.084785,5.446464646,269023.3847,7
27086.89,38837.05,28026.21,4745906.536,63942.29715,3255998.68,132354.9385,1.40E+11,7
16330,29065.32,21182.22,7758936.318,33613.84417,5067451.12,103298.97,9.18E+11,7
17491.55,30403.34,22158.52,10931632.66,83576.48387,5521969.599,350844.4666,8.02E+11,7
216,252,220,49.34740231,0,9149.08502,6.513131313,516250.4236,7
216,224,220,0.152380952,0.363636364,3011.092437,5.818181818,100144.5005,7
220,316,220,71.20794403,0.694949495,1572.44878,10.18181818,45430.82633,7
216,288,220,100.4335152,0.355555556,1518.439024,18.65858586,53049.01497,7
216,276,220,56.13595125,4.282828283,1097.443902,41.37373737,15628.8407,7
220,224,220,0.22426898,0,1726.75122,3.991919192,51492.7153,7
216,560,220,21199.78262,17.16363636,120713.0182,119.240404,69536574.13,7
344,784,352,6607.041661,3.507070707,10878.83636,65.01818182,1828616.511,7
216,224,220,1.161763391,0,7195.590244,5.6,299896.7667,7
348,716,352,7761.71716,5.527272727,3272.878049,23.30505051,361075.9308,7
196,204,200,0.761904762,0,2726.095238,9.81010101,54810.53907,7
216,224,220,2.486631494,13.97979798,1287.043902,41.38989899,30116.30806,7
344,360,352,9.238366057,3.604040404,3701.443902,47.27272727,215361.5998,7
216,444,220,740.4652674,0,6038.836364,11.26464646,281216.0443,7
216,224,220,4.868461057,0.355555556,1524.524313,19.65206886,52467.39049,7
212,228,220,15.55802302,6.028282828,3302.380488,74.14949495,107643.6606,7
272,280,276,1.807028525,0,4407.796235,6.141414141,279200.8738,7
216,224,220,8.179111151,3.490909091,1236.97561,49.58383838,24185.62604,7
220,224,220,2.422207177,0,1232.780488,11.2,17626.18519,7
216,224,220,2.417874069,0,1395.004878,9.890909091,35741.98322,7
212,228,220,7.053563445,4.331313131,1333.24878,39.96767677,33802.05436,7
212,504,220,1450.763123,4,3776.355556,68.47676768,301349.2643,7
260,1200,264,81243.29742,16.93737374,14619.02222,68.56565657,10555513.57,7
212,976,220,10243.8783,8,121445.0101,84.90505051,73881885.16,7
132,132,132,0,0,1676.739756,1.422222222,25307.27946,7
208,444,212,663.5958151,2.618181818,17258.82828,34.50505051,2731130.616,7
208,216,212,1.231422695,0,1252.215873,9.616161616,35717.78413,7
216,400,220,6160.139382,0,8703.687805,7.272727273,4379655.494,7
216,224,220,3.8711437,0,1477.404878,17.25233733,37216.05509,7
100,100,100,0,0,710.4751067,0,7398.560797,7
216,1140,220,55233.23403,19.84646465,21102.41951,84.8,10725992.99,7
188,196,192,1.838057766,0,4760.806202,12.71919192,117128.7181,7
220,220,220,0,0,1801.190244,4.58989899,89501.12988,7
212,288,220,32.3215527,5.381818182,73649.42222,55.70909091,63061705.5,7
496,504,500,0.45136538,1.422222222,13574.36102,11.07070707,4577449.392,7
328,392,356,192.1872264,4.234343434,6223.458774,13.05858586,319304.1975,7
100,104,100,0.075829384,0,261.167019,0.727272727,949.4632962,7
216,652,224,26502.45543,0,3135.143434,25.01818182,275249.8879,7
416,424,420,1.749131122,0,7348.114286,12.33131313,478230.4558,7
208,216,212,0.152380952,0,1814.243902,1.422222222,60281.12344,7
208,216,212,4.109094161,0,1995.751261,20.75959596,55446.67008,7
216,484,220,2089.385511,2.150197628,7397.058586,39.70909091,479053.1667,7
216,932,220,7233.852097,4.573737374,38404.22185,32.90505051,10099897.36,7
1372,1412,1400,30.80345167,0,260579.604,142.1010101,1123663833,7
424,1616,536,8407.446445,167.9676768,356543.4986,346.3919192,602160564.2,7
176,400,220,3846.301976,2.876767677,15728.72195,18.07676768,8342209.98,7
216,224,220,1.62702316,2.181818182,1104.97561,15.24040404,15403.0483,7
216,224,220,0.530083503,0,1689.425641,3.264646465,52540.15091,7
216,224,220,0.673522311,1.422222222,10886.41951,18.02020202,956549.1422,7
216,224,220,1.590972692,6.513131313,674.8878049,24.29090909,3319.936258,7
212,2160,224,290116.455,8.290909091,448290.4727,83.07070707,1579745271,7
96,104,100,2.638682013,2.876767677,282.2071882,19.07070707,816.7231354,7
272,280,276,0.830904051,0,4866.514936,7.595959596,297889.9912,7
212,296,220,61.51351839,6.707070707,1248.390244,99.2,24909.63239,7
216,420,220,1440.665493,17.08245243,3796.961616,42.87676768,162732.5984,7
216,224,220,3.17159975,0,1572.839024,14.44040404,47573.69622,7
216,688,220,12142.30484,4.573737374,4470.009756,43.27272727,277285.9103,7
8308,8388,8343,378.8672986,0,2104.618357,0,183135.0721,7
8308,8395,8335,533.3928684,0,2382.225253,0,163423.4117,7
8478,8540,8505,128.9700293,4214.037374,12233.55253,7407.109091,2753687.354,7
14302,14366.5,14336,186.6173324,0,2267.525253,909.2555556,225194.964,7
8460,8534,8488,147.4273451,0,1567.972727,0,65035.17446,7
8557,8641,8597,644.5261002,0,2492.567677,226.6888889,387683.0528,7
8305,8391,8363,398.5946526,0,2249.461616,0,143927.2958,7
8503,8503,8503,0,0,0,0,0,7
8458,8539,8513,89.38745204,0,1868.646465,0,37617.92121,7
8457,8549,8488,158.7501016,3147.028283,15022.09679,8110.331313,3642999.641,7
8463,8563,8499,260.4966599,5154.249495,18636.08889,10698.54545,3912955.408,7
6850,6944,6885.5,679.4487168,0,9704.923977,50.61363636,1041814.803,7
6856,6942,6901,228.8213136,0,2622.755556,0,162489.459,7
6859,6942,6896,445.6232451,0,2639.510101,0.399516908,276200.1041,7
6867,6932,6901,206.6473595,0,2232.352537,84.8,214498.6581,7
7386,7473,7415,675.4114001,0,2487.2,0,312598.772,7
7404,7494,7437,617.8106071,0,2426.8,0,279686.1457,7
7758,7843,7813,454.6942451,0,2390.391919,0,273007.0188,7
7789,7876,7819,267.8463101,0,1936.082828,0,87629.25357,7
5319,5377,5350,68.25962537,702.1040404,5616.113131,2295.870707,978752.1894,7
5241,5348,5285,105.4989717,3196.345455,11606.60606,5901.966162,1335877.187,7
10498,10555,10530,114.0152336,1483.388889,4201.582828,2830.381818,221682.6331,7
10513,10589,10558,340.9611631,0,2139.449495,0.031818182,270757.7072,7
13062,13136,13106,349.3772858,0,2172.052525,0.597979798,308622.5877,7
13880,13935,13902,116.2620495,853.0181818,2731.022222,1807.308081,155424.6606,7
214,1004,220,10516.27732,150.4850242,18377.89091,416.4040404,3346362.078,7
212,288,220,178.5836154,7.967676768,2490.809756,80.11313131,46161.58642,7
212,300,220,259.65949,2.876767677,2224.019512,54.17373737,57658.34664,7
200,200,200,0,0,1585.112195,1.81010101,24993.50686,7
280,900,396,24280.84798,6.658585859,32402.05253,374.1737374,7449353.685,7
472,1644,584,64172.22297,14.83636364,46619.39512,393.0181818,26655920.36,7
216,680,224,15188.3719,14.41616162,36867.02222,92.32358366,10962263.85,7
96,104,100,0.171338298,10.51162791,1959.962834,22.83636364,31005.58923,7
348,356,352,3.301286391,0,5815.306554,15.43434343,869233.124,7
220,324,220,2510.893433,0,2179.710145,4.331313131,137224.4846,7
212,944,220,46397.6603,10.39191919,34283.11919,87.62828283,23498089.45,7
216,532,220,4666.645904,5.058585859,3032.113131,70.98181818,142763.4645,7
216,900,220,65380.7582,6.109090909,82847.67677,41.64883619,116372388.6,7
220,224,220,0.737816328,0.694949495,1507.921951,11.91712474,47531.73398,7
212,1508,224,205829.7618,10.47272727,78662.83636,105.1207729,62264999.17,7
212,1676,224,516316.2459,19.2,446356.3636,136.4525253,3919734882,7
216,824,220,78590.90065,6.901010101,64446.22222,23.96767677,78891641.92,7
212,1500,228,253801.2409,6.416161616,214053.9798,10809.16364,1019067694,7
752,2404,1109,513203.075,60.23434343,474639.7091,281.2525253,4472761967,7
216,532,224,6067.392823,2.876767677,1842.125604,56.43636364,46637.84261,7
352,804,512,20375.08683,19.7979798,30382.75122,121.7380764,8098270.78,7
212,1384,220,48523.57355,17.42222222,109429.5434,169.7454545,57731906.94,7
216,780,220,5554.414805,2.876767677,55075.92727,44.07272727,34798308.54,7
212,276,220,30.41715103,5.090909091,968.4363636,43.7979798,16732.14932,7
220,220,220,0,0,2235.960976,2.181818182,108066.3066,7
216,280,220,36.71814361,5.785858586,1262.095238,35.95959596,18511.94956,7
216,500,220,11371.91335,0,20705.16364,18.40808081,8996955.114,7
212,1948,220,64354.40072,22.01268499,72412.08116,155.7024155,69083582.47,7
212,224,220,5.382723777,11.84154589,1779.372822,54.14141414,28017.58511,7
216,1892,224,53344.77287,9.924637681,74698.58586,74.77171717,75240983.31,7
216,224,220,0.378789234,0,774.5560976,2.472727273,4026.152859,7
208,816,220,7626.70947,33.86280193,9672.769231,396.7128205,912676.9405,7
4,44,12,84.79065352,0,392,52.77075447,2275.698335,7
216,296,224,732.4228391,0,3785.604552,25.45454545,167367.695,7
100,112,100,11.62157527,0.355555556,309.7408638,7.709090909,1207.791848,7
128,184,160,129.6092079,16.43636364,473.9121951,51.74949495,2894.57585,7
216,252,220,28.50570977,4.719191919,3825.163636,49.32525253,173626.1649,7
214,224,220,11.59268788,5.381818182,1175.160976,56,15761.39617,7
220,224,220,1.596351605,0.355555556,1037.6,9.96448203,9835.869712,7
212,224,220,8.528212465,4.282828283,1221.560976,31.09108476,18409.17366,7
216,636,220,6186.101738,0.355555556,7542.836364,11.52642706,596120.782,7
212,276,220,39.65569849,7.967676768,964.0390244,61.93131313,8149.879297,7
216,224,220,0.245640705,0,1412.702439,6.795959596,26998.83561,7
212,224,220,8.443240803,4.961616162,1248.62439,41.97040169,22888.65572,7
216,376,220,969.9060181,3.991919192,3541.737374,31.87061311,84868.95169,7
212,380,220,552.1437147,4.331313131,1310.84878,58.05252525,57984.41579,7
216,224,220,9.227894381,4.816161616,1289.287805,43.50707071,14215.27157,7
216,256,220,19.94312796,6.109090909,1268.571429,53.29574001,22559.82706,7
216,368,220,238.4911758,4.961616162,2294.57561,39.56363636,64997.83568,7
152,220,220,997.1746333,0,5758.157254,13.68888889,557166.4365,7
216,364,220,103.334868,4.719191919,195412.4768,45.82663848,180921002.5,7
96,104,100,0.380591289,0,1411.295681,0.694949495,15101.67353,7
216,224,220,0.624787624,0,6014.360071,4.495184402,369384.8933,7
212,228,220,6.653306251,11.54009662,1393.795122,48.43636364,30557.05447,7
212,276,220,34.75489582,2.149494949,738.0634249,31.06262626,8997.92035,7
216,224,220,1.371428571,0,1722.709852,5.572938689,42558.74427,7
216,588,220,2186.090544,0,20911.62828,13.93131313,3093631.742,7
216,552,220,5268.021846,6.513131313,12902.41616,47.56363636,2663138.871,7
272,280,276,0.227130466,0,4287.41649,1.454545455,268856.4189,7
212,228,220,13.9262469,2.77979798,858.7224158,49.89090909,7073.928821,7
220,224,220,2.602789949,0,1248.780488,10.27474747,26496.07446,7
220,224,220,1.915049629,0,1708.228571,5.381818182,63683.73333,7
212,224,220,9.076416159,3.345454545,1478.29036,42.71225071,22200.66995,7
1,1,1,0,0,0,0,0,21
1,1,1,0,0,0,0,0,21
1,1,1,0,0,0,0,0,21
1,1,1,0,0,0,0,0,21
1,1,1,0,0,0,0,0,21
1,1,1,0,0,0,0,0,21
1,1,1,0,0,0,0,0,21
1,1,1,0,0,0,0,0,21
1,1,1,0,0,0,0,0,21
1,1,1,0,0,0,0,0,21
1,1,1,0,0,0,0,0,21
1,1,1,0,0,0,0,0,21
1,1,1,0,0,0,0,0,21
1,1,1,0,0,0,0,0,21
1,1,1,0,0,0,0,0,21
1,1,1,0,0,0,0,0,21
1,1,1,0,0,0,0,0,21
1,1,1,0,0,0,0,0,21
1,1,1,0,0,0,0,0,21
1,1,1,0,0,0,0,0,21
1,1,1,0,0,0,0,0,21
1,1,1,0,0,0,0,0,21
1,1,1,0,0,0,0,0,21
1,1,1,0,0,0,0,0,21
1,1,1,0,0,0,0,0,21
6.488888889,8.622222222,7.280555556,0.358396624,0.005860592,0.32352074,0.02954321,0.004614072,10
7.666666667,12.66666667,9.055555556,0.896666002,0,0.363911254,0.057064472,0.003212611,19
26.77777778,29.83333333,27.66666667,0.512900337,0,7.446632997,0.078563412,3.004118471,18
5.666666667,7.611111111,6.388888889,0.363123094,0,0.247833271,3.95E-29,0.003676974,19
5.666666667,7.611111111,6.388888889,0.363123094,0,0.247833271,3.95E-29,0.003676974,19
19.05555556,22.05555556,19.72222222,0.578496071,0,0.008652416,3.23E-28,1.63E-06,19
20.66666667,24.44444444,21.5,0.736132432,0,0.005072328,0.000525315,1.93E-06,18
17.77777778,20.44444444,18.33333333,0.494230917,0,0.011416771,3.23E-28,2.12E-06,19
17.77777778,20.44444444,18.33333333,0.494230917,0,0.011416771,3.23E-28,2.12E-06,19
14.91666667,18.13888889,16.02777778,0.298224715,0.009027248,0.85103155,0.135383838,0.008823753,11
5.838888889,8.116666667,6.688888889,0.352000293,0,0.311765984,0.019891071,0.00452336,10
5.838888889,8.116666667,6.688888889,0.352000293,0,0.311765984,0.019891071,0.00452336,11
12.49444444,13.18888889,12.63333333,0.011558013,2.90E-29,0.33097428,0.050505051,0.005921985,10
11.72222222,12.37777778,11.98888889,0.010119276,0.002251902,0.400240741,0.07839528,0.007235106,10
12.49444444,13.18888889,12.63333333,0.011558013,2.90E-29,0.33097428,0.050505051,0.005921985,11
11.72222222,12.37777778,11.98888889,0.010119276,0.002251902,0.400240741,0.07839528,0.007235106,10
11.72222222,12.37777778,11.98888889,0.010119276,0.002251902,0.400240741,0.07839528,0.007235106,11
66.46111111,90.45555556,85.90555556,12.75256131,0.110382155,231.4125286,0.433373769,568.2106027,10
66.46111111,90.45555556,85.90555556,12.75256131,0.110382155,231.4125286,0.433373769,568.2106027,9
70.75555556,82.9,78.10555556,13.52182255,0.186331587,5.875341221,0.689639372,0.60505484,8
14.65,24.71666667,16.88333333,7.643599012,0,1.17095679,0.055654539,0.029607196,17
21.77222222,22.91666667,22.33333333,0.127306899,0,0.0801156,3.23E-28,0.000185629,13
13.9,15.02777778,14.46666667,0.020635908,3.23E-30,0.350850106,0.002635382,0.001273708,12
13.92777778,25.10555556,16.70833333,8.574565419,0,1.341562995,0.064845991,0.042441546,17
21.66111111,23.55555556,22.45555556,0.233622521,0.000245355,0.012891819,0.000824994,2.45E-06,13
14.00555556,15.03333333,14.43888889,0.011139858,0.000237654,0.231872054,0.02877438,0.000806401,12
19.31666667,19.89444444,19.31666667,0.082857845,0,0.085311385,4.65E-28,0.000445072,12
19.46666667,19.46666667,19.46666667,4.57E-28,1.35E-29,3.24E-28,3.23E-28,6.46E-58,12
19.44444444,19.44444444,19.44444444,5.07E-27,1.16E-28,1.18E-28,1.16E-28,1.60E-62,12
19.40555556,20.47222222,19.89444444,0.009608734,0,0.233196159,4.65E-28,0.001359116,12
19.27777778,19.91666667,19.74444444,0.010710492,1.29E-29,0.260670065,3.23E-28,0.004896739,12
19.76666667,19.76666667,19.76666667,8.57E-27,5.47E-29,1.18E-28,1.16E-28,1.79E-59,12
19.72222222,19.72222222,19.72222222,1.27E-27,0,4.64E-28,3.23E-28,1.85E-57,12
19.36111111,20.38333333,19.72222222,0.026635536,1.29E-29,0.315500686,4.64E-28,0.005934597,12
19.12777778,20.19444444,19.59444444,0.032359887,0,0.315819696,0.127717671,0.007241517,12
19.42222222,20.06666667,19.76666667,0.010127794,0.241977584,0.538098048,0.370342717,0.002837932,12
19.40555556,20.08888889,19.72222222,0.010873091,0.286908748,0.585343559,0.424161928,0.003509735,12
19.27777778,20.49444444,19.55555556,0.087910571,0,0.329218107,3.23E-28,0.003505006,12
19.48888889,20.3,19.74444444,0.020764271,1.16E-28,0.244755269,0.137621103,0.0025317,12
19.31666667,20.08888889,19.76666667,0.029676527,0.086632997,0.391809515,0.232923975,0.003029201,12
19.38333333,20.27777778,19.78888889,0.036759679,0.126701677,0.645810357,0.33782476,0.009312998,12
20.83333333,21.38888889,21.11111111,0.025142027,0,0.511539001,3.23E-28,0.007649539,4
20.69444444,21.38888889,21.11111111,0.038198014,0,0.669562134,2.07E-28,0.015156558,4
20.83333333,21.38888889,21.11111111,0.010998548,0,0.356711404,3.23E-28,0.004207071,4
20.97222222,21.38888889,21.11111111,0.010144402,0,1.237208568,0.143935497,0.033789519,4
20.83333333,21.38888889,21.25,0.031505793,0,0.489813256,3.23E-28,0.007235529,4
20.83333333,21.38888889,21.11111111,0.030104086,0,0.739006578,2.07E-28,0.022013144,4
20.83333333,21.38888889,20.97222222,0.01782909,0,0.313552189,3.23E-28,0.002588331,4
20.69444444,21.52777778,21.11111111,0.030040525,0,0.338882654,3.23E-28,0.003667161,4
20.83333333,21.66666667,21.11111111,0.014314934,0,0.438606746,3.23E-28,0.006731592,4
21.25555556,26.28888889,22.38888889,1.011399478,0,0.404382155,0.018719168,0.004914574,4
24.81666667,26.49444444,25.09444444,0.172516366,0,0.019718793,1.16E-28,2.02E-05,4
29.55555556,37.38888889,30.61111111,2.651206462,0,12.21697531,0.218848984,7.527905136,4
5.611111111,7.666666667,6.388888889,0.363481162,0,0.398428732,2.02E-29,0.005052248,4
20.11111111,24.55555556,21.22222222,0.987487149,0,0.078563412,3.23E-28,0.000568137,4
19.72222222,24.11111111,20.77777778,0.928212245,0,0.031026313,0.001222098,2.81E-05,4
18.55555556,21.66666667,19.38888889,0.605297831,0,0.013243547,0.000617284,2.09E-06,4
23.19444444,23.88888889,23.47222222,0.036252894,0.000428669,0.013581026,0.005490266,6.52E-06,4
20.13888889,20.97222222,20.41666667,0.025515335,0.000419351,0.027025658,0.006566436,1.73E-05,4
23.05555556,23.47222222,23.47222222,0.010341079,0,0.011612817,0.003465328,5.84E-06,4
34.30555556,34.58333333,34.58333333,0.007403488,0,0.004910213,8.26E-28,2.19E-06,4
23.19444444,23.47222222,23.33333333,0.00101,1.16E-28,0.006098797,0.000837854,2.64E-06,4
23.05555556,23.61111111,23.33333333,0.008726049,1.16E-28,0.009606092,0.002591501,4.19E-06,4
23.19444444,23.33333333,23.19444444,0.004842774,1.16E-28,0.004929698,0.000837854,3.29E-06,4
20.69444444,21.25,21.11111111,0.016157182,0,0.015256734,0.002883776,7.72E-06,4
21.52777778,22.08333333,21.80555556,0.013540863,1.16E-28,0.015626948,0.002591501,4.69E-06,4
21.52777778,22.91666667,21.94444444,0.081189979,1.31E-29,0.027610207,0.001948497,1.08E-05,4
22.36111111,22.63888889,22.5,0.00974715,0,0.006308895,0.002279742,3.48E-06,4
20.97222222,21.52777778,21.25,0.01558534,0,0.005001143,3.23E-28,3.64E-06,4
23.05555556,23.61111111,23.33333333,0.00402086,1.39E-29,0.015100854,0.004734848,4.69E-06,4
21.11111111,21.25,21.11111111,9.14E-05,3.23E-28,0.014282485,0.003468325,5.19E-06,4
18.61111111,20.13888889,19.02777778,0.129726842,0,0.119655861,0.005981887,9.36E-05,4
23.19444444,23.61111111,23.33333333,0.002250629,1.16E-28,0.044679044,0.010088345,6.41E-05,4
21.11111111,23.05555556,21.52777778,0.145019195,0,0.178716174,0.004033389,0.000292499,4
22.63888889,23.88888889,23.05555556,0.061815464,1.16E-28,0.056370027,0.004520514,3.41E-05,4
23.19444444,24.02777778,23.33333333,0.035299707,1.16E-28,0.024979736,0.002883776,9.69E-06,4
22.77777778,23.75,22.91666667,0.061083214,1.16E-28,0.030065314,0.003156566,1.91E-05,4
21.80555556,22.77777778,22.22222222,0.031035506,0,0.022407719,0.004052874,1.87E-05,4
18.61111111,26.94444444,20.69444444,2.539870855,0,0.940676051,0.008368796,0.017682792,4
18.33333333,23.33333333,20.13888889,1.885037307,0,0.259676238,0.007793989,0.00252091,4
19.30555556,24.30555556,20.97222222,1.43010831,0,0.06543054,0.004890728,0.00011782,4
20.13888889,23.47222222,21.66666667,0.797625491,0,0.038833552,0.004637424,3.19E-05,4
20.13888889,23.33333333,21.66666667,0.665465273,0,0.028896215,0.004384119,2.31E-05,4
18.47222222,22.5,20.13888889,1.122052194,0,0.051381874,0.004520514,5.48E-05,4
21.52777778,23.47222222,22.77777778,0.265117954,1.37E-29,0.035072952,0.002883776,1.29E-05,4
20.69444444,23.19444444,21.80555556,0.50603945,0,0.041210718,0.001227553,3.38E-05,4
18.88888889,21.94444444,20.41666667,0.703610293,0,0.04349046,0.004052874,3.47E-05,4
21.52777778,24.44444444,23.19444444,0.779803198,0,0.043217671,0.00364369,5.46E-05,4
20.27777778,22.22222222,21.25,0.314018108,0,0.029656129,0.004773818,1.98E-05,4
21.25,23.47222222,22.63888889,0.342617898,0,0.013581026,0.002591501,5.15E-06,4
20.83333333,23.19444444,22.08333333,0.362954709,0,0.031214927,0.0037606,1.06E-05,4
20,23.75,21.52777778,0.821588386,0,0.077706073,0.004228239,0.000203053,4
18.75,19.72222222,19.16666667,0.087646206,0,0.008612358,0.002591501,3.83E-06,4
19.86111111,21.38888889,20.97222222,0.173017297,0,0.143273008,0.001597768,0.000238797,4
18.88888889,19.58333333,19.30555556,0.036573308,1.16E-28,0.01077519,0.002883776,5.59E-06,4
20.69444444,23.19444444,22.22222222,0.406785213,0,0.034332523,0.002104377,1.34E-05,4
20.41666667,21.94444444,21.25,0.186712374,0,0.025564285,0.004052874,1.64E-05,4
20.13888889,22.63888889,21.25,0.470545797,0,0.046374236,0.001597768,2.89E-05,4
19.44444444,24.02777778,21.66666667,1.36240883,0,0.072386675,0.004052874,0.000122222,4
19.72222222,23.61111111,21.25,1.069069874,0,0.066112514,0.004812788,0.000173009,4
18.88888889,24.58333333,20.69444444,1.210404529,0,0.177020981,0.004812788,0.000683388,4
20,23.75,21.45833333,1.035068299,0,0.659917072,0.004734848,0.004147826,4
18.33333333,22.08333333,19.72222222,1.421138567,1.16E-28,0.516799944,0.005699355,0.00409368,4
18.75,23.88888889,20.69444444,1.522084406,0,0.38886161,0.010999267,0.00297593,4
18.33333333,20.97222222,19.30555556,0.425760952,0,0.031117502,0.003156566,1.12E-05,4
18.19444444,20.13888889,19.02777778,0.176517472,0,0.027181538,0.003935965,1.37E-05,4
20.55555556,22.63888889,21.94444444,0.296004789,0,0.016308923,0.001948497,7.93E-06,4
18.05555556,19.16666667,18.75,0.094613463,0,0.012411928,0.004520514,5.59E-06,4
21.38888889,23.47222222,22.91666667,0.306485278,0,0.04345149,0.002825321,2.23E-05,4
19.72222222,21.94444444,20.76388889,0.338964883,0,0.017010382,0.002883776,1.05E-05,4
19.72222222,22.5,20.83333333,0.569811152,0,0.065411055,0.005241458,8.09E-05,4
20.13888889,23.61111111,20.41666667,0.971197257,1.39E-29,0.110148553,0.01480858,0.00038151,4
20.13888889,20.83333333,20.41666667,0.027657859,0,0.005748067,0.002883776,3.11E-06,4
21.52777778,23.75,21.66666667,0.395060603,1.16E-28,0.085305213,0.00579678,0.000112601,4
20.83333333,21.80555556,21.38888889,0.052501893,0,0.01532081,0.000433541,4.41E-06,4
20.83333333,22.5,21.38888889,0.134766947,0,0.042925396,0.004520514,2.95E-05,4
19.30555556,21.66666667,20.27777778,0.473332003,0,0.23621633,0.00340987,0.001106445,4
20,22.22222222,21.11111111,0.256439793,0.002279742,0.107498597,0.027249735,0.000387338,4
18.75,23.19444444,21.00694444,1.035003506,1.16E-28,0.132751122,0.00697562,0.000376405,4
19.41111111,23.07777778,20.8,0.603587342,0,0.062975433,2.07E-28,0.000110139,4
19.29444444,23.82222222,21.29444444,1.101175257,0,0.138674554,4.65E-28,0.000231208,4
19.47777778,23.97777778,20.89444444,1.348173205,0,0.185459534,0.003351415,0.00061914,4
19.32222222,21.57222222,19.87777778,0.308109705,0,0.132901546,3.23E-28,0.000170688,4
18.75,24.72222222,20.27777778,2.94185638,0,0.180762096,0.011837121,0.000960615,4
18.88888889,24.23611111,20.76388889,1.610592487,0,0.702713097,0.006566436,0.00278531,4
18.75,21.66666667,19.72222222,0.597282256,0,0.079648226,0.004871243,0.000104582,4
18.33333333,21.66666667,19.44444444,0.678334732,0,0.147500114,0.00744326,0.000401176,4
18.33333333,22.63888889,19.58333333,0.835747102,0,0.407290897,0.004812788,0.002481949,4
18.19444444,21.66666667,19.44444444,0.659733541,0,0.122229237,0.00364369,0.000210591,4
20,22.5,21.11111111,0.391484588,0,0.03298806,0.004520514,2.60E-05,4
19.72222222,22.22222222,20.69444444,0.334850876,0,0.079167446,0.000428669,7.79E-05,4
20.69444444,22.91666667,21.80555556,0.308456736,0,0.033221879,0.004871243,2.03E-05,4
21.80555556,25.41666667,23.61111111,0.602906055,0,0.037956728,0.004832726,3.79E-05,4
20,21.52777778,20.69444444,0.109339449,0,0.005806522,3.23E-28,3.13E-06,4
19.16666667,20.27777778,19.72222222,0.06831429,3.23E-28,0.014750125,0.00364369,5.79E-06,4
21.11111111,24.30555556,22.5,0.644615363,0,0.043100761,0.006663861,5.65E-05,4
20.69444444,24.30555556,22.63888889,1.146893833,0.000428669,0.062390884,0.013152357,0.000141204,4
19.58333333,22.08333333,20.97222222,0.418826219,0,0.182515744,0.004140557,0.000292058,4
19.72222222,24.72222222,22.5,1.923698746,0,0.104536881,0.004910213,0.000441322,4
19.36666667,23.58888889,20.7,0.824369795,0,0.406681008,2.07E-28,0.001703442,4
20.46111111,24.1,21.85,0.810426262,0,0.072073357,3.23E-28,0.000102005,4
20.06111111,23.42222222,21.2,0.631822443,0,0.023293896,6.33E-28,6.36E-05,4
19.76666667,19.76666667,19.76666667,9.25E-27,1.16E-28,0.159165742,1.16E-28,0.000130606,4
19.13333333,20.24444444,19.27222222,0.061023038,1.29E-29,0.313390313,2.07E-28,0.001275064,4
19.2,20.31111111,19.51666667,0.054569901,0,0.289312882,1.16E-28,0.003466225,4
19.1,20.28888889,19.51666667,0.035256154,1.29E-29,0.312546329,1.16E-28,0.003873449,4
19.66666667,19.66666667,19.66666667,3.67E-27,5.18E-29,2.06E-28,1.16E-28,3.63E-58,4
19.18888889,20.3,19.78333333,0.026276977,1.29E-29,0.315500686,5.16E-29,0.001426017,4
19.37777778,19.97777778,19.96666667,0.00328156,1.37E-29,0.133680259,5.17E-29,0.000256342,4
20.10555556,20.12777778,20.11666667,9.18E-05,0,0.070338321,1.16E-28,0.000300639,4
19.32777778,20.48888889,19.78333333,0.031072379,1.29E-29,0.29402994,1.16E-28,0.003237744,4
18.32222222,20.53333333,20.18888889,0.102122058,0,0.744583333,0.128864541,0.013910466,4
20.76388889,25.27777778,21.66666667,0.918040637,0.000837854,3.444884805,0.204106227,0.10702902,4
20.69444444,23.47222222,21.80555556,0.604180363,0,0.049355437,0.005650642,5.16E-05,4
21.38888889,23.61111111,22.63888889,0.326310004,1.16E-28,0.035599046,0.005806522,2.50E-05,4
22.22222222,23.47222222,22.63888889,0.159108256,3.23E-28,0.048001005,0.005221973,2.92E-05,4
20.55555556,21.66666667,20.97222222,0.038484943,1.16E-28,0.032286601,0.004929698,1.83E-05,4
20,22.22222222,20.55555556,0.111257343,0.000428669,0.405969416,0.012178108,0.001423028,4
20.69444444,21.94444444,21.25,0.02043508,0,0.077413798,0.001597768,0.000114603,4
22.63888889,23.75,23.19444444,0.055333399,0.000428669,0.070866847,0.005221973,3.05E-05,4
21.25,21.66666667,21.38888889,0.022235908,0,0.015393129,0.003116625,6.79E-06,4
20.69444444,21.25,20.97222222,0.029696212,0,0.027668662,0.003184094,1.29E-05,4
21.66666667,23.47222222,22.77777778,0.22471013,1.33E-29,0.050682454,0.002591501,3.90E-05,4
22.5,24.30555556,23.19444444,0.150392002,0,0.122657906,0.004845828,0.000293533,4
21.80555556,23.75,23.19444444,0.125346404,0,0.114240398,0.002279742,0.000106391,4
20.13888889,24.72222222,23.33333333,0.823256192,0,0.8578844,0.00340987,0.007269332,4
21.25,22.5,21.80555556,0.061174837,1.44E-29,0.166440641,0.000847143,0.000158605,4
22.22222222,24.72222222,23.33333333,0.221814319,0,0.078388047,0.004796692,0.000183519,4
24.02777778,26.11111111,24.86111111,0.149317229,0,0.077939893,0.00556296,0.000126673,4
22.91666667,24.44444444,23.61111111,0.11013263,0,0.052960157,0.005514247,5.58E-05,4
22.77777778,26.38888889,24.86111111,0.759255585,0.006430041,2.832277248,0.413169114,0.28074932,4
23.47222222,26.80555556,26.52777778,1.230391204,0,0.668393035,0.00701459,0.007116616,4
22.63888889,23.61111111,23.05555556,0.042174453,1.16E-28,0.013873301,0.000428669,5.83E-06,4
20.83333333,22.91666667,21.11111111,0.11027642,0,0.156854034,0.003156566,0.000276826,4
21.25,23.75,22.22222222,0.48671341,0,0.039593466,0.004384119,4.27E-05,4
20,24.72222222,21.52777778,0.895239567,2.07E-28,0.961544457,0.00744326,0.005589339,4
20.27777778,24.16666667,21.52777778,0.880550166,0,0.123476275,0.004228239,0.000178341,4
20.27777778,22.22222222,21.11111111,0.297060936,0,0.040859989,0.003858025,2.80E-05,4
20.55555556,24.30555556,21.11111111,0.932619597,0,0.178521324,0.004520514,0.000464134,4
21.11111111,22.77777778,21.94444444,0.136573943,0,0.048653978,0.004108837,5.99E-05,4
21.66666667,23.05555556,21.94444444,0.067349566,1.16E-28,0.099213632,0.001597768,9.24E-05,4
21.11111111,23.19444444,21.80555556,0.342981094,0,0.03620308,0.00364369,1.48E-05,4
21.52777778,22.91666667,22.08333333,0.053759628,1.16E-28,0.116113497,0.00340987,0.00014962,4
20.97222222,22.77777778,21.66666667,0.154608533,0,0.013990211,0.003858025,8.16E-06,4
21.25,23.47222222,22.36111111,0.360440088,0,0.031274229,0.004015599,2.68E-05,4
21.38888889,23.05555556,22.08333333,0.152550649,2.07E-28,0.048576038,0.006556693,4.51E-05,4
23.33333333,24.30555556,23.75,0.092423897,0,0.05841595,0.001227553,2.87E-05,4
22.63888889,23.33333333,22.91666667,0.028874672,0,0.012626263,0.002324603,4.17E-06,4
22.36111111,23.33333333,22.77777778,0.048886597,0,0.023847568,0.000856433,9.23E-06,4
21.25,23.05555556,21.66666667,0.281457938,0,0.037255269,0.003858025,2.72E-05,4
21.80555556,23.47222222,22.5,0.168853158,0,0.01422403,0.002616084,7.42E-06,4
20.83333333,22.5,21.66666667,0.2208582,0,0.026830808,0.004052874,1.67E-05,4
19.30555556,22.91666667,20.27777778,0.675973134,0,0.906304558,0.00340987,0.010480221,4
20.27777778,23.75,21.66666667,0.79703081,0,0.227097363,0.005332312,0.000761572,4
20,24.16666667,20.83333333,0.796632248,0,0.237814098,0.003467419,0.000650068,4
19.02777778,23.33333333,20.69444444,0.943423287,1.16E-28,0.133998161,0.004578969,0.000248712,4
20.13888889,23.75,21.66666667,0.94638212,0,0.029948404,0.004637424,3.63E-05,4
21.11111111,23.47222222,22.22222222,0.449615295,0,0.012275533,0.002591501,9.39E-06,4
21.11111111,23.47222222,22.36111111,0.442175906,0,0.012704203,0.001597768,6.50E-06,4
20.27777778,22.36111111,21.11111111,0.235043073,0,0.047699214,0.003156566,3.74E-05,4
18.75,21.52777778,20,0.445525014,0,0.096996197,0.004052874,8.51E-05,4
21.66666667,22.63888889,22.22222222,0.055503837,0,0.0398078,0.000837854,2.69E-05,4
19.02777778,21.80555556,20.27777778,0.765719296,0,0.069795174,0.004228239,0.000119515,4
20.69444444,23.47222222,21.52777778,0.356364461,0,0.243893409,0.004333289,0.000628483,4
19.86111111,20.97222222,20.69444444,0.078056433,0,0.009294332,0.001227553,4.49E-06,4
17.77777778,22.5,20.27777778,1.990645183,1.16E-28,0.705492424,0.01753148,0.004921087,4
21.25,23.33333333,22.36111111,0.27576235,0,0.021321644,0.001948497,9.52E-06,4
21.25,23.33333333,22.5,0.325063177,0,0.011924804,0.001948497,5.81E-06,4
20.83333333,21.52777778,21.25,0.023770691,0,0.01457476,0.0016313,6.03E-06,4
20.97222222,24.72222222,22.36111111,0.555961415,0,0.967565314,0.006274161,0.005887643,4
20.13888889,21.11111111,20.69444444,0.05294118,1.16E-28,0.026499564,0.004052874,1.85E-05,4
19.16666667,19.72222222,19.44444444,0.027716655,1.16E-28,0.013697936,0.001948497,6.59E-06,4
20.69444444,22.91666667,21.94444444,0.392384663,0,0.023050723,0.001988147,8.98E-06,4
20.55555556,22.08333333,21.25,0.195151864,0,0.013678451,0.002591501,5.12E-06,4
20.13888889,22.22222222,20.83333333,0.277187931,0,0.029363855,0.001597768,1.63E-05,4
19.16666667,23.61111111,21.11111111,1.304992786,0,0.06887938,0.004384119,7.49E-05,4
20.43333333,23.26666667,21.29444444,0.316778463,0,0.178716174,3.23E-28,0.000204976,4
21.14444444,23.08888889,21.7,0.245649339,1.29E-29,0.019718793,2.06E-28,4.15E-05,4
20.80555556,23.63888889,21.66666667,0.445075102,0,0.117845118,3.23E-28,0.000118419,4
18.92222222,23.45,20.89444444,1.151566823,0,0.127769204,4.65E-28,0.000254346,4
1,1,1,0,0,0,0,0,5
1,1,1,0,0,0,0,0,5
1,1,1,0,0,0,0,0,5
1,1,1,0,0,0,0,0,5
1,1,1,0,0,0,0,0,5
1,1,1,0,0,0,0,0,5
1,1,1,0,0,0,0,0,5
1,1,1,0,0,0,0,0,5
1,1,1,0,0,0,0,0,5
1,1,1,0,0,0,0,0,5
1,1,1,0,0,0,0,0,5
1,1,1,0,0,0,0,0,5
1,1,1,0,0,0,0,0,5
1,1,1,0,0,0,0,0,5
1,1,1,0,0,0,0,0,5
1,1,1,0,0,0,0,0,5
1,1,1,0,0,0,0,0,5
1,1,1,0,0,0,0,0,5
1,1,1,0,0,0,0,0,5
1,1,1,0,0,0,0,0,5
1,1,1,0,0,0,0,0,5
1,1,1,0,0,0,0,0,5
1,1,1,0,0,0,0,0,5
1,1,1,0,0,0,0,0,5
1,1,1,0,0,0,0,0,5
1,1,1,0,0,0,0,0,5
1,1,1,0,0,0,0,0,5
1,1,1,0,0,0,0,0,5
1,1,1,0,0,0,0,0,5
1,1,1,0,0,0,0,0,5
1,1,1,0,0,0,0,0,5
1,1,1,0,0,0,0,0,5
1,1,1,0,0,0,0,0,5
1,1,1,0,0,0,0,0,5
1,1,1,0,0,0,0,0,5
1,1,1,0,0,0,0,0,5
1,1,1,0,0,0,0,0,5
1,1,1,0,0,0,0,0,5
1,1,1,0,0,0,0,0,5
1,1,1,0,0,0,0,0,5
1,1,1,0,0,0,0,0,5
1,1,1,0,0,0,0,0,5
1,1,1,0,0,0,0,0,5
1,1,1,0,0,0,0,0,5
1,1,1,0,0,0,0,0,5
1,1,1,0,0,0,0,0,5
1,1,1,0,0,0,0,0,5
1,1,1,0,0,0,0,0,5
1,1,1,0,0,0,0,0,5
1,1,1,0,0,0,0,0,5
1,1,1,0,0,0,0,0,5
1,1,1,0,0,0,0,0,5
1,1,1,0,0,0,0,0,5
1,1,1,0,0,0,0,0,5
1,1,1,0,0,0,0,0,5
1,1,1,0,0,0,0,0,5
1,1,1,0,0,0,0,0,5
1,1,1,0,0,0,0,0,5
70,70,70,0,0,0,0,0,6
70,70,70,0,0,0,0,0,6
70,70,70,0,0,0,0,0,6
70,70,70,0,0,0,0,0,6
70,70,70,0,0,0,0,0,6
70,70,70,0,0,0,0,0,6
70,70,70,0,0,0,0,0,6
70,70,70,0,0,0,0,0,6
70,70,70,0,0,0,0,0,6
72,72,72,0,0,0,0,0,6
70,70,70,0,0,0,0,0,6
26,26,26,0,0,0,0,0,6
78.5,78.5,78.5,0,0,0,0,0,6
25,25,25,0,0,0,0,0,6
75,75,75,0,0,0,0,0,6
74,74,74,0,0,0,0,0,6
1200,1200,1200,0,0,0,0,0,6
840,840,840,0,0,0,0,0,6
74,74,74,0,0,0,0,0,6
772,772,772,0,0,0,0,0,6
220,220,220,0,0,0,0,0,6
74,74,74,0,0,0,0,0,6
1000,1000,1000,0,0,0,0,0,6
220,220,220,0,0,0,0,0,6
74,74,74,0,0,0,0,0,6
1552,1552,1552,0,0,0,0,0,6
220,220,220,0,0,0,0,0,6
74,74,74,0,0,0,0,0,6
500,500,500,0,0,0,0,0,6
220,220,220,0,0,0,0,0,6
74,74,74,0,0,0,0,0,6
100,100,100,0,0,0,0,0,6
100,100,100,0,0,0,0,0,6
74,74,74,0,0,0,0,0,6
800,800,800,0,0,0,0,0,6
220,220,220,0,0,0,0,0,6
70,74,70,4.018957346,0,3.315942029,0,0.08420694,6
500,500,500,0,0,0,0,0,6
352,352,352,0,0,0,0,0,6
74,74,74,0,0,0,0,0,6
500,500,500,0,0,0,0,0,6
220,220,220,0,0,0,0,0,6
70,70,70,0,0,0,0,0,6
2280,2280,2280,0,0,0,0,0,6
220,220,220,0,0,0,0,0,6
74,74,74,0,0,0,0,0,6
252,252,252,0,0,0,0,0,6
220,220,220,0,0,0,0,0,6
70,70,70,0,0,0,0,0,6
1000,1000,1000,0,0,0,0,0,6
252,252,252,0,0,0,0,0,6
70.25,70.25,70.25,0,0,0.006313131,0,1.35E-06,6
1520,1520,1520,0,0,0,0,0,6
220,220,220,0,0,0,0,0,6
74,74,74,0,0,0,0,0,6
300,1200,300,110010.8328,0,170181.8182,0,281945505.2,6
220,220,220,0,0,0,0,0,6
70,74,70,2.173053487,0,3.361616162,0,0.110010744,6
280,280,280,0,0,0,0,0,6
220,220,220,0,0,0,0,0,6
74,74,74,0,0,0,0,0,6
240,240,240,0,0,0,0,0,6
220,220,220,0,0,0,0,0,6
74,74,74,0,0,0,0,0,6
960,960,960,0,0,0,0,0,6
220,220,220,0,0,0,0,0,6
74,74,74,0,0,0,0,0,6
560,560,560,0,0,0,0,0,6
220,220,220,0,0,0,0,0,6
74,74,74,0,0,0,0,0,6
30,30,30,0,0,0,0,0,6
160,181.58,172.33,42.76557624,0,4.980189091,0.273059091,0.706836471,6
1.4,1.74,1.4,0.000545283,2.07E-31,0.031253846,8.07E-31,4.61E-06,6
58,58,58,0,0,0,0,0,6
58,58,58,0,0,0,0,0,6
252,252,252,0,0,0,0,0,6
220,220,220,0,0,0,0,0,6
65,80,74,25.58121859,0,54.48282828,0.694949495,66.79202846,6
252,252,252,0,0,0,0,0,6
220,220,220,0,0,0,0,0,6
65,80,74,32.34988375,0,57.27272727,0.710359408,102.80543,6
700,700,700,0,0,0,0,0,6
220,220,220,0,0,0,0,0,6
75.5,76,76,0.059128865,0,0.06010101,0,0.000163039,6
300,524,524,3314.631137,0,12822.75556,0,7548458.835,6
220,220,220,0,0,0,0,0,6
70,80,80,11.89979689,0,49.49494949,0.355555556,14.38844165,6
300,800,800,18607.5378,0,62373.73737,0,148662753.5,6
220,220,220,0,0,0,0,0,6
70,80,80,12.28038817,0,11.28358586,0.355555556,3.114221792,6
300,400,400,663.507109,0,2343.434343,0,62748.48557,6
220,220,220,0,0,0,0,0,6
65.53,76,76,6.420179469,0,18.98181818,0,4.899410379,6
552,552,552,0,0,140318.8364,0,93314577.43,6
220,220,220,0,0,257833.4222,0,313575818.9,6
71,76,76,3.450846197,0,45.44037495,0,9.830969671,6
800,800,800,0,0,0,0,0,6
352,352,352,0,0,0,0,0,6
71.99,76,76,1.11381782,0,1.035999798,0,0.018642919,6
300,300,300,0,0,0,0,0,6
220,220,220,0,0,0,0,0,6
65,70,65,6.217558113,0,5.47979798,0,0.618124826,6
1200,1200,1200,0,0,0,0,0,6
352,352,352,0,0,0,0,0,6
75.5,76,76,0.059128865,0,0.06010101,0,0.000162735,6
200,200,200,0,0,0,0,0,6
220,220,220,0,0,0,0,0,6
65,70,65,6.211995887,0,5.47979798,0,0.615309247,6
1400,1400,1400,0,0,0,0,0,6
220,220,220,0,0,0,0,0,6
75.5,76,76,0.059128865,0,0.06010101,0,0.000162735,6
800,800,800,0,0,0,0,0,6
352,352,352,0,0,0,0,0,6
75.5,76,76,0.059128865,0,0.06010101,0,0.000161104,6
300,700,300,40182.35161,0,40404.0404,0,27308030.48,6
220,220,220,0,0,0,0,0,6
65,80,70,32.58605281,0,10.51313131,0,2.237927915,6
500,500,500,0,0,0,0,0,6
220,220,220,0,0,0,0,0,6
75,82,82,12.1864139,0,10.74040404,0,2.422405536,6
352,1100,1100,139149.9454,0,122638.7556,0,1394066254,6
220,220,220,0,0,0,0,0,6
70,80,80,24.84798355,0,11.28358586,1.018181818,4.86091869,6
276,276,276,0,0,0,0,0,6
276,276,276,0,0,0,0,0,6
74,82,82,15.91694877,0,14.02828283,0,4.132516899,6
1000,1000,1000,0,0,0,0,0,6
220,220,220,0,0,0,0,0,6
74,80,80,8.945274077,0,7.81010101,0.097727273,1.270196889,6
600,600,600,0,0,0,0,0,6
220,220,220,0,0,0,0,0,6
65,70,65,6.211995887,0,5.47979798,0,0.627744451,6
300,676,676,16840.04803,0,36129.42222,0,62423102.59,6
220,220,220,0,0,0,0,0,6
70,80,80,14.5032724,0,11.28358586,0.355555556,3.706047729,6
852,852,852,0,0,0,0,0,6
220,220,220,0,0,0,0,0,6
75.5,76,76,0.059128865,0,0.06010101,0,0.000161408,6
376,1200,1200,145032.9894,0,173516.0889,0,2731105211,6
220,220,220,0,0,0,0,0,6
65,80,74,27.02047751,0,55.22727273,0.355555556,100.2263373,6
376,1200,1200,21881.691,0,166657.7455,0,2216642385,6
264,264,264,0,0,0,0,0,6
70.25,80,80,23.62111436,0,49.31818182,0.355555556,19.88543177,6
476,1524,1524,130824.8367,0,264036.7192,0,4486295838,6
220,220,220,0,0,0,0,0,6
70,80,80,14.5032724,0,11.28358586,0.097727273,3.552398863,6
176,176,176,0,0,0,0,0,6
132,132,132,0,0,0,0,0,6
65,70,65,6.211995887,0,5.47979798,0,0.627744451,6
300,852,852,69561.77341,0,77868.8,0,687444015.1,6
212,212,212,0,0,0,0,0,6
65,80,80,24.98918001,0,57.27272727,0.694949495,99.84155237,6
300,600,600,19901.15098,0,23000,0,33771268.16,6
212,212,212,0,0,0,0,0,6
65.53,85,75.5,20.00056364,0,66.48539616,0,45.79430747,6
300,400,400,2341.232227,0,2555.555556,0,609691.6865,6
220,220,220,0,0,0,0,0,6
65,80,67,43.18538876,0,53.24949495,0.028062525,124.9759589,6
300,524,524,1166.35703,0,12772.07273,0,3043657.628,6
220,220,220,0,0,0,0,0,6
70,80,80,9.943217384,0,11.28358586,0.05,2.360280584,6
100,100,100,0,0,0,0,0,6
100,100,100,0,0,0,0,0,6
74,82,82,15.90270947,0,14.02828283,0,4.064036261,6
1152,1152,1152,0,0,0,0,0,6
220,220,220,0,0,0,0,0,6
72,74,74,0.206121459,0,0.137828283,0,0.000583853,6
276,276,276,0,0,0,0,0,6
192,192,192,0,0,0,0,0,6
65,70,65,6.217558113,0,5.47979798,0,0.610509469,6
300,376,376,985.9951712,0,1476.088889,0,141882.0218,6
220,220,220,0,0,0,0,0,6
70,80,80,17.47433988,0,13.52222222,0.355555556,6.227750887,6
300,752,752,13555.71564,0,61416.8,27446.90101,447500529.3,6
220,220,220,0,0,80929.94783,0,31134012.71,6
68.16,85,75,5.065857972,0,63.86366942,3.165266818,60.83551874,6
500,500,500,0,0,0,0,0,6
220,220,220,0,0,0,0,0,6
74,82,82,15.91694877,0,14.02828283,0,4.132812967,6
476,1576,1576,38995.26066,0,309222.2222,232151.1628,17220344829,6
332,332,332,0,0,0,0,0,6
72,72,72,0,0,0,0,0,6
276,276,276,0,0,0,0,0,6
100,100,100,0,0,0,0,0,6
74,82,82,15.90270947,0,14.02828283,0,3.984212062,6
652,652,652,0,0,0,0,0,6
220,220,220,0,0,0,0,0,6
71,71,71,0,0,0,0,0,6
600,600,600,0,0,0,0,0,6
420,420,420,0,0,0,0,0,6
65,70,65,6.217558113,0,5.47979798,0,0.623178863,6
324,324,324,0,0,0,0,0,6
212,212,212,0,0,0,0,0,6
65,80,65,11.87237325,0,5.47979798,0,0.661099647,6
300,500,500,6633.265629,0,10222.22222,0,10034284.5,6
212,212,212,0,0,0,0,0,6
65,80,80,17.50681839,0,57.5,0.355555556,54.41629225,6
300,952,952,4010.234078,0,102196.7192,0,567788429.6,6
220,220,220,0,0,0,0,0,6
67,76,76,0.787557006,0,26.50454545,0,24.23866922,6
300,1000,300,100898.462,0,122252.5253,0,322250379.7,6
220,220,220,0,0,0,0,0,6
65,80,70,24.10832769,0,14.28585859,0,2.954491656,6
1400,1400,1400,0,0,141115.9919,0,580124826.7,6
3584,3584,3584,0,0,0,0,0,6
70.75,76,76,0.18010325,0,25.83636364,0,16.7310982,6
332,332,332,0,0,0,0,0,6
220,220,220,0,0,0,0,0,6
65.5,76,75.5,16.39861551,0,28.06363636,0,56.70969015,6
176,400,400,7568.127336,0,12822.75556,0,19215563.52,6
220,220,220,0,0,0,0,0,6
65,80,73,29.50201359,0,56.46161616,0.694949495,97.65733711,6
300,600,600,16069.70402,0,22909.09091,0,15637614.69,6
220,220,220,0,0,0,0,0,6
65.5,76,75.5,16.94254119,0,28.06363636,0,17.18039355,6
276,276,276,0,0,0,0,0,6
220,220,220,0,0,0,0,0,6
65,70,65,6.211995887,0,5.47979798,0,0.646699805,6
300,624,624,24165.0914,0,26509.09091,0,52208037.06,6
220,220,220,0,0,0,0,0,6
70,80,80,22.06093433,0,10.9010101,0.694949495,4.334423968,6
1000,1000,1000,0,0,0,0,0,6
220,220,220,0,0,0,0,0,6
75.5,76,76,0.059128865,0,0.06010101,0,0.000159777,6
1500,3840,1500,25828.30189,0,2531010.909,0,2.09E+11,6
220,3840,220,62106.16114,0,4860145.455,0,8.04E+11,6
55,76,76,2.850526906,0,100.2599116,0,338.7066848,6
500,500,500,0,0,0,0,0,6
100,100,100,0,0,0,0,0,6
74,82,82,15.90270947,0,14.02828283,0,4.238211845,6
276,276,276,0,0,0,0,0,6
276,276,276,0,0,0,0,0,6
74,82,82,15.91694877,0,14.02828283,0,4.257637309,6
724,724,724,0,0,0,0,0,6
220,220,220,0,0,0,0,0,6
75.5,76,76,0.059018153,0,0.06010101,0,0.000159057,6
976,976,976,0,0,0,0,0,6
220,220,220,0,0,0,0,0,6
75.5,76,76,0.059128865,0,0.06010101,0,0.000159777,6
600,600,600,0,0,0,0,0,6
220,220,220,0,0,0,0,0,6
65,70,65,6.217558113,0,5.47979798,0,0.649663896,6
824,824,824,0,0,0,0,0,6
220,220,220,0,0,0,0,0,6
75.5,76,76,0.059128865,0,0.06010101,0,0.000159777,6
8350,8350,8350,0,0,0,0,0,6
68,68,68,0,0,0,0,0,6
8350,8350,8350,0,0,0,0,0,6
68,68,68,0,0,0,0,0,6
8500,8500,8500,0,0,0,0,0,6
68,68,68,0,0,0,0,0,6
14336,14336,14336,0,0,0,0,0,6
68,68,68,0,0,0,0,0,6
8500,8500,8500,0,0,0,0,0,6
68,68,68,0,0,0,0,0,6
8600,8600,8600,0,0,0,0,0,6
68,68,68,0,0,0,0,0,6
8350,8350,8350,0,0,0,0,0,6
68,68,68,0,0,0,0,0,6
8500,8500,8500,0,0,0,0,0,6
68,68,68,0,0,0,0,0,6
8500,8500,8500,0,0,0,0,0,6
68,68,68,0,0,0,0,0,6
68,68,68,0,0,0,0,0,6
8500,8500,8500,0,0,0,0,0,6
68,68,68,0,0,0,0,0,6
8500,8500,8500,0,0,0,0,0,6
68,68,68,0,0,0,0,0,6
6900,6900,6900,0,0,0,0,0,6
68,68,68,0,0,0,0,0,6
6900,6900,6900,0,0,0,0,0,6
68,68,68,0,0,0,0,0,6
6900,6900,6900,0,0,0,0,0,6
68,68,68,0,0,0,0,0,6
6900,6900,6900,0,0,0,0,0,6
68,68,68,0,0,0,0,0,6
68,68,68,0,0,0,0,0,6
7430,7430,7430,0,0,0,0,0,6
68,68,68,0,0,0,0,0,6
7450,7450,7450,0,0,0,0,0,6
68,68,68,0,0,0,0,0,6
7800,7800,7800,0,0,0,0,0,6
68,68,68,0,0,0,0,0,6
7830,7830,7830,0,0,0,0,0,6
68,68,68,0,0,0,0,0,6
5350,5350,5350,0,0,0,0,0,6
68,68,68,0,0,0,0,0,6
5300,5300,5300,0,0,0,0,0,6
68,68,68,0,0,0,0,0,6
10530,10530,10530,0,0,0,0,0,6
68,68,68,0,0,0,0,0,6
10550,10550,10550,0,0,0,0,0,6
68,68,68,0,0,0,0,0,6
13100,13100,13100,0,0,0,0,0,6
68,68,68,0,0,0,0,0,6
13905,13905,13905,0,0,0,0,0,6
652,2148,2148,363580.0383,0,571937.4222,0,5369247063,6
220,220,220,0,0,0,0,0,6
70,80,80,16.96519973,0,8.989429175,0,2.162298402,6
352,352,352,0,0,0,0,0,6
220,220,220,0,0,0,0,0,6
70,80,80,10.72869534,0,8.181818182,0,1.409616197,6
800,800,800,0,0,0,0,0,6
220,220,220,0,0,0,0,0,6
74,80,80,8.945274077,0,8.181818182,0,1.315128049,6
200,200,200,0,0,0,0,0,6
220,220,220,0,0,0,0,0,6
65,70,65,6.211995887,0,5.681818182,0,0.634224561,6
1000,1000,1000,0,0,0,0,0,6
220,220,220,0,0,0,0,0,6
69,69,69,0,0,0,0,0,6
1652,1652,1652,0,0,0,0,0,6
220,220,220,0,0,0,0,0,6
70.25,70.25,70.25,0,0,0,0,0,6
1452,1452,1452,0,0,0,0,0,6
220,220,220,0,0,0,0,0,6
74,80,80,8.945274077,0,8.181818182,0,1.315128049,6
100,100,100,0,0,0,0,0,6
100,100,100,0,0,0,0,0,6
80,82,82,0.994809298,0,0.909090909,0,0.016310557,6
352,352,352,0,0,0,0,0,6
352,352,352,0,0,0,0,0,6
74,82,82,15.91694877,0,14.54545455,0,4.175502652,6
324,324,324,0,0,0,0,0,6
220,220,220,0,0,0,0,0,6
72,80,80,15.91694877,0,14.54545455,0,4.175502652,6
1324,1324,1324,0,0,0,0,0,6
220,220,220,0,0,0,0,0,6
74,80,80,8.953283683,0,8.181818182,0,1.321155136,6
752,752,752,0,0,0,0,0,6
220,220,220,0,0,0,0,0,6
74,80,80,8.945274077,0,8.181818182,0,1.315128049,6
900,900,900,0,0,0,0,0,6
220,220,220,0,0,0,0,0,6
70,80,80,12.64231423,0,8.181818182,0,1.491140714,6
600,600,600,0,0,0,0,0,6
220,220,220,0,0,0,0,0,6
65,70,65,6.211995887,0,5.681818182,0,0.634224561,6
1500,1500,1500,0,0,0,0,0,6
220,220,220,0,0,0,0,0,6
74,80,80,8.945274077,0,8.181818182,0,1.315128049,6
1664,1664,1664,0,0,0,0,0,6
220,220,220,0,0,0,0,0,6
74,80,80,8.945274077,0,8.181818182,0,1.315128049,6
820,820,820,0,0,0,0,0,6
220,220,220,0,0,0,0,0,6
74,80,80,8.953283683,0,8.181818182,0,1.321155136,6
1500,1500,1500,0,0,0,0,0,6
220,220,220,0,0,0,0,0,6
74,80,80,8.953283683,0,8.181818182,0,1.309337859,6
2400,2400,2400,0,0,9373.737374,0,443962.8587,6
220,220,220,0,0,0,0,0,6
74,80,80,8.953283683,0,7.890909091,0,1.330583021,6
800,800,800,0,0,0,0,0,6
220,220,220,0,0,0,0,0,6
74,80,80,8.945274077,0,7.890909091,0,1.324528469,6
800,800,800,0,0,0,0,0,6
220,220,220,0,0,0,0,0,6
70,70,70,0,0,0,0,0,6
1000,1700,1700,20104.2654,0,107404.0404,0,59128141.87,6
220,220,220,0,0,0,0,0,6
70,80,80,10.74069059,0,7.890909091,0,1.572637877,6
300,1000,1000,104944.7077,0,117797.9798,0,262750489.4,6
220,220,220,0,0,0,0,0,6
70,80,80,20.54795757,0,11.89565217,0,3.010016843,6
1152,1152,1152,0,0,0,0,0,6
220,220,220,0,0,0,0,0,6
75.5,76,76,0.059018153,0,0.061363636,0,0.000163897,6
252,252,252,0,0,0,0,0,6
220,220,220,0,0,0,0,0,6
75.5,76,76,0.059018153,0,0.061363636,0,0.000163897,6
800,800,800,0,0,0,0,0,6
220,220,220,0,0,0,0,0,6
75.5,76,76,0.059128865,0,0.061363636,0,0.000164639,6
500,500,500,0,0,187741.0628,0,679727356,6
220,220,220,0,0,297598.4541,0,1746728461,6
69.37,76,76,5.593013666,0,43.16608586,0,35.97275508,6
1124,2200,2200,62118.00054,0,231555.2,0,489784915.7,6
220,220,220,0,0,0,0,0,6
72,72,72,0,0,0,0,0,6
400,1200,1200,109627.6236,0,163555.5556,0,1689730405,6
220,220,220,0,0,0,0,0,6
70,80,80,17.39319567,0,11.27210145,0.399577167,3.350923965,6
1024,1924,1924,115165.8768,0,18000,0,1535545.024,6
220,220,220,0,0,0,0,0,6
72,72,72,0,0,0,0,0,6
624,624,624,0,0,0,0,0,6
220,220,220,0,0,0,0,0,6
65,80,70,15.96840442,0,10.51313131,0,1.276665874,6
2200,2200,2200,0,0,0,0,0,6
220,220,220,0,0,0,0,0,6
70,80,80,10.9232764,0,7.890909091,0,1.345238108,6
1924,1924,1924,0,0,0,0,0,6
220,220,220,0,0,0,0,0,6
65,80,70,21.95098172,0,10.83636364,0,1.267528992,6
500,500,500,0,0,0,0,0,6
220,220,220,0,0,0,0,0,6
74,82,82,15.90270947,0,13.44646465,0,4.112650039,6
352,352,352,0,0,0,0,0,6
100,100,100,0,0,0,0,0,6
74,82,82,15.91694877,0,14.02828283,0,4.205299426,6
1700,1700,1700,0,0,0,0,0,6
220,220,220,0,0,0,0,0,6
74,80,80,8.945274077,0,7.890909091,0,1.324528469,6
300,752,752,11815.57829,0,52004.65455,0,133049550.9,6
220,220,220,0,0,3604.654545,0,72499.99154,6
70,80,80,11.52043355,0,49.49494949,0.355555556,46.18353857,6
752,752,752,0,0,11520,0,625992.4528,6
220,220,220,0,0,785.4222222,0,2923.640129,6
75.5,85,76,1.636628301,0,4.672222222,0,0.230171901,6
600,600,600,0,0,0,0,0,6
220,220,220,0,0,0,0,0,6
65,70,65,6.217558113,0,5.47979798,0,0.641677769,6
876,876,876,0,0,0,0,0,6
220,220,220,0,0,0,0,0,6
75.5,76,76,0.059018153,0,0.061363636,0,0.00016223,6
300,652,300,30451.69397,0,31630.88372,0,15180122.9,6
220,220,220,0,0,0,0,0,6
65,80,70,31.9232764,0,11.89565217,0,2.662445113,6
852,852,852,0,0,0,0,0,6
220,220,220,0,0,0,0,0,6
75.5,76,76,0.059128865,0,0.061956522,0,0.000165271,6
400,400,400,0,0,0,0,0,6
220,220,220,0,0,0,0,0,6
75.5,76,76,0.059018153,0,0.061956522,0,0.000164526,6
1000,1000,1000,0,0,0,0,0,6
220,220,220,0,0,0,0,0,6
75.5,76,76,0.059128865,0,0.061956522,0,0.000165271,6
300,800,800,1184.834123,0,60101.0101,0,33566290.68,6
220,220,220,0,0,0,0,0,6
70,80,80,9.154773189,0,7.81010101,0.177589852,1.382659747,6
1000,1000,1000,0,0,0,0,0,6
220,220,220,0,0,0,0,0,6
74,80,80,8.945274077,0,7.563636364,0.355555556,1.220519244,6
976,976,976,0,0,0,0,0,6
220,220,220,0,0,0,0,0,6
75.5,76,76,0.059018153,0,0.061363636,0,0.000162507,6
300,800,800,34622.86506,0,63636.36364,0,253067729.6,6
220,220,220,0,0,0,0,0,6
70,80,80,15.57571654,0,54.54873737,0.694949495,58.19879731,6
724,724,724,0,0,0,0,0,6
220,220,220,0,0,0,0,0,6
71.29,76,76,1.601732788,0,1.186363636,0,0.020633337,6
152,400,400,13329.33676,0,15770.25641,0,30216321.62,6
220,220,220,0,0,0,0,0,6
70,80,80,20.81823516,0,14.79090909,0.710359408,5.567205358,6
452,1452,1452,217738.6594,0,240404.0404,0,1304081026,6
220,220,220,0,0,234792.2551,0,260034920,6
65,80,80,23.4863462,0,41.86666667,0,10.49001707,6
100,100,100,0,0,0,0,0,6
100,100,100,0,0,0,0,0,6
74,82,82,15.91694877,0,14.02828283,0,4.205299426,6
276,276,276,0,0,0,0,0,6
220,220,220,0,0,0,0,0,6
65,70,65,6.211995887,0,5.47979798,0,0.631152417,6
1352,1352,1352,0,0,0,0,0,6
220,220,220,0,0,0,0,0,6
74,80,80,8.953283683,0,7.81010101,0.355555556,1.282095924,6
1352,1352,1352,0,0,0,0,0,6
220,220,220,0,0,0,0,0,6
74,80,80,8.953283683,0,7.81010101,0.347826087,1.250135403,6
500,500,500,0,0,0,0,0,6
220,220,220,0,0,0,0,0,6
74,82,82,15.90270947,0,14.02828283,0,4.136320478,6
300,600,600,14872.57444,0,22956.52174,0,5488971.657,6
220,220,220,0,0,0,0,0,6
65,80,74,21.82572783,0,7.890909091,0,1.528214335,6
752,752,752,0,0,0,0,0,6
220,220,220,0,0,0,0,0,6
68,76,76,5.602770405,0,9.464543636,0,3.302842612,6
276,276,276,0,0,0,0,0,6
276,276,276,0,0,0,0,0,6
74,82,82,15.91694877,0,14.02828283,0,4.155240994,6
576,952,952,6413.129316,0,34970.38478,0,28684913.06,6
220,220,220,0,0,0,0,0,6
70,80,80,10.93568043,0,12.3468599,0.355555556,2.178074475,6
600,600,600,0,0,0,0,0,6
220,220,220,0,0,0,0,0,6
65,70,65,6.211995887,0,5.47979798,0,0.632318212,6
700,700,700,0,0,0,0,0,6
220,220,220,0,0,0,0,0,6
75.5,76,76,0.059018153,0,0.061956522,0,0.000164304,6
852,852,852,0,0,0,0,0,6
220,220,220,0,0,0,0,0,6
75.5,76,76,0.059018153,0,0.061839323,0,0.000162285,6
